# row axial thickness
1 -9.7834838031135352e+00 7.4153830196673649e+00
2 -8.5376924158868110e+00 7.1132268079115901e+00
3 -8.6349453907824518e+00 7.1272845706284418e+00
4 -8.7575077142644986e+00 7.1483164293220760e+00
5 -8.8477327039526603e+00 7.1658111353359626e+00
6 -9.0383057066790187e+00 7.2098087451743611e+00
7 -9.0009935929949201e+00 7.2014847945477181e+00
8 -9.6117068680231803e+00 7.3589146168840038e+00
9 -9.8723900096675461e+00 7.7119011154924504e+00
10 -7.7502734165471443e+00 7.0332735011298837e+00
11 -7.7667062919260070e+00 7.0350461387323566e+00
12 -7.9862099838237119e+00 7.0577178174141482e+00
13 -7.9794183101666798e+00 7.0569518226112145e+00
14 -7.9898978429904499e+00 7.0580758938135064e+00
15 -9.5657760245003960e+00 7.9109705391700968e+00
16 -9.6999154387681070e+00 7.8577073231564034e+00
17 -6.6656969282429195e+00 6.8969007325087093e+00
18 -6.7797600670692173e+00 6.9180995591328722e+00
19 -6.8722878103341225e+00 6.9351893014525015e+00
20 -7.0005585052084598e+00 6.9547824592075003e+00
21 -7.1039356397641304e+00 6.9681017689896247e+00
22 -7.2964622501241436e+00 6.9885807798358588e+00
23 -7.5277652666249208e+00 7.0100897359779859e+00
24 -7.7569066686304859e+00 7.0340366144446431e+00
25 -9.2111851099399491e+00 8.0707284032336251e+00
26 -9.3413256518942323e+00 8.0101401170425373e+00
27 -9.5242293005223679e+00 7.9272991016724355e+00
28 -5.6121592170681662e+00 6.7300364911026689e+00
29 -5.7235457082196231e+00 6.7476396208542848e+00
30 -5.8400224257541407e+00 6.7657411186967549e+00
31 -5.9432637072641130e+00 6.7819424658930050e+00
32 -6.0567343002812022e+00 6.8027669837989864e+00
33 -6.2445849383959171e+00 6.8345742676636574e+00
34 -6.4729026567127876e+00 6.8626249934852899e+00
35 -8.8591722463623785e+00 8.2333398393697852e+00
36 -9.0042384698214839e+00 8.1769068997999828e+00
37 -8.9976148086276844e+00 8.1803051449623183e+00
38 -9.0072548408391722e+00 8.1761032280443935e+00
39 -4.4150374142141331e+00 6.5025281714636014e+00
40 -4.5936766655997907e+00 6.5405807906542375e+00
41 -4.6563079248430057e+00 6.5525753427672289e+00
42 -4.8131675771602787e+00 6.5833584053178749e+00
43 -4.8930714477165278e+00 6.5999588337476442e+00
44 -5.0142943713306289e+00 6.6248846788305213e+00
45 -5.2065063395395930e+00 6.6555671890991368e+00
46 -5.4286926941830149e+00 6.6940884635151505e+00
47 -8.4825486231568128e+00 8.3629962314029296e+00
48 -8.5650433335648497e+00 8.3448509594188494e+00
49 -8.6455443755591652e+00 8.3207907845631635e+00
50 -3.1858149958498911e+00 6.2484327016064913e+00
51 -3.3283683134111066e+00 6.2811977834673289e+00
52 -3.3856137814843463e+00 6.2930172241772402e+00
53 -3.5886926850404213e+00 6.3326526546939075e+00
54 -3.5510489080314644e+00 6.3243406207199104e+00
55 -3.6043394439705869e+00 6.3357777875697607e+00
56 -3.8070410027986967e+00 6.3812289729157348e+00
57 -3.7991811372121700e+00 6.3794564578964765e+00
58 -3.8102906552254652e+00 6.3820568119406937e+00
59 -4.3959137387098783e+00 6.4984139270783041e+00
60 -4.6143071304754288e+00 6.5444075326918441e+00
61 -8.0294019145103785e+00 8.4086920596026982e+00
62 -8.0177458033060613e+00 8.4093220572326572e+00
63 -8.0332306367836477e+00 8.4088988436102809e+00
64 -8.2130187471955001e+00 8.4070708331998052e+00
65 -8.2585268460295858e+00 8.4041640033790372e+00
66 -1.9584558731861554e+00 5.9763684972085818e+00
67 -1.9991208526189135e+00 5.9845225171531427e+00
68 -2.2049564701557021e+00 6.0271933270803402e+00
69 -2.1963286932663939e+00 6.0250359637982953e+00
70 -2.2091348830957527e+00 6.0276748887320819e+00
71 -2.4221515163073222e+00 6.0712279529450157e+00
72 -2.4317811325872793e+00 6.0735101578543222e+00
73 -2.7832570966448644e+00 6.1657488640254670e+00
74 -3.0038538680053892e+00 6.2082455551302660e+00
75 -7.3599352113367136e+00 8.4353030852289503e+00
76 -7.5243598564237049e+00 8.4304312210442394e+00
77 -7.5393266867290292e+00 8.4297311165171234e+00
78 -7.7746861892118186e+00 8.4225155057462491e+00
79 -4.3743108469254671e-01 5.6032404785470948e+00
80 -5.4655641425467461e-01 5.6283256395824006e+00
81 -6.4086514361720492e-01 5.6515506551326924e+00
82 -8.3122920932966171e-01 5.7003125729488335e+00
83 -8.0520564714968834e-01 5.6935278359343942e+00
84 -8.4135912741033902e-01 5.7020302067426014e+00
85 -1.0499351336185840e+00 5.7484452150741534e+00
86 -1.0418954013146584e+00 5.7463672976529283e+00
87 -1.0535777422236901e+00 5.7490537555397632e+00
88 -1.4085276411794401e+00 5.8402941246299624e+00
89 -1.6248156710340371e+00 5.8946108735527352e+00
90 -2.4248228225402828e+00 6.0715300891839963e+00
91 -6.3758774599595327e+00 8.3441570616527745e+00
92 -6.3696020833901565e+00 8.3435023683211949e+00
93 -6.3792831333524731e+00 8.3446372605306909e+00
94 -6.5890914511346832e+00 8.3729433969406557e+00
95 -6.6059208638929796e+00 8.3748898562197613e+00
96 -6.8256798998924397e+00 8.3989357391851556e+00
97 -6.8186147016946137e+00 8.3991284517056943e+00
98 -6.8304061868882275e+00 8.4001906753729063e+00
99 -7.0586635787171552e+00 8.4179760193297124e+00
100 -7.5336623186950797e+00 8.4299604726651971e+00
101 1.1543091632231086e+00 5.1671414681703460e+00
102 1.0736173603885064e+00 5.1882036629309027e+00
103 8.8261804464765203e-01 5.2398933303910322e+00
104 9.0126120194394010e-01 5.2343658783723050e+00
105 8.7546715936562969e-01 5.2414145495271498e+00
106 6.7364156184763535e-01 5.2948189789916187e+00
107 6.4948195050048363e-01 5.3014126648080744e+00
108 4.8725825857932270e-01 5.3489083126936929e+00
109 3.1369657094437819e-01 5.3984795074305323e+00
110 3.7938431816743856e-01 5.3792071537972577e+00
111 -2.5461387088644860e-01 5.5589334591954742e+00
112 -4.7308414223756501e-01 5.6083206860174384e+00
113 -5.4905978245570584e+00 8.2375906279873536e+00
114 -5.6091288278005171e+00 8.2558218413461084e+00
115 -5.7269759628189725e+00 8.2717562952980224e+00
116 -5.8304460275047134e+00 8.2871880620992542e+00
117 -6.1350778534674628e+00 8.3287987376028720e+00
118 -6.5962481339489774e+00 8.3748384079853331e+00
119 2.9629369477734087e+00 4.6560200925706665e+00
120 2.8834697462537582e+00 4.6815357625717802e+00
121 2.7774635882931458e+00 4.7137708744192972e+00
122 2.5903036875826904e+00 4.7654445035476334e+00
123 2.6226668405637703e+00 4.7564828872954088e+00
124 2.5760642235338302e+00 4.7689608277409423e+00
125 2.3837921820624786e+00 4.8190706469880258e+00
126 2.3690207014540219e+00 4.8229253806670922e+00
127 2.1816975223152490e+00 4.8736484486427427e+00
128 2.0221037001793900e+00 4.9245150519619116e+00
129 1.8118201983244318e+00 4.9889936506556554e+00
130 1.4555736853333681e+00 5.0879697590162820e+00
131 1.2395461020591072e+00 5.1413615961793768e+00
132 6.6784124469742168e-01 5.2961630355305456e+00
133 -4.3048409084568000e+00 8.0279887042342377e+00
134 -4.4812001863386550e+00 8.0584156292705913e+00
135 -4.5481725339037755e+00 8.0730035863245906e+00
136 -4.6589447596289801e+00 8.1001965914329297e+00
137 -4.8227425324766751e+00 8.1354272076488794e+00
138 -4.8845214572126503e+00 8.1467687394022938e+00
139 -5.0846549436930735e+00 8.1772737547934167e+00
140 -5.3088499537166074e+00 8.2114979062483489e+00
141 4.8340329350093345e+00 4.1114642555089809e+00
142 4.6475033519593207e+00 4.1671905590087741e+00
143 4.6380900959860893e+00 4.1698390025455794e+00
144 4.4521475261443584e+00 4.2241827692985856e+00
145 4.3749447280614673e+00 4.2465867545091216e+00
146 4.2600173574290965e+00 4.2798486532963560e+00
147 4.0778922640637489e+00 4.3320716195857134e+00
148 4.1139383318814291e+00 4.3213074376767162e+00
149 4.0644808099141390e+00 4.3352464130095942e+00
150 3.5115962751453020e+00 4.4964489024032481e+00
151 2.9457232423583619e+00 4.6627904205276023e+00
152 2.3823945227928753e+00 4.8194389829923043e+00
153 -3.2133926558556452e+00 7.8027247427601276e+00
154 -3.2561152523118646e+00 7.8145601928655406e+00
155 -3.4518918014218114e+00 7.8722559888738424e+00
156 -3.4828358168814870e+00 7.8809398251207687e+00
157 -3.6686684640181420e+00 7.9210097098491694e+00
158 -3.7018032389434796e+00 7.9274105400025796e+00
159 -4.0444340240625190e+00 7.9937244796597140e+00
160 -4.2719570849445079e+00 8.0267039818513446e+00
161 -4.4965076506783310e+00 8.0620338029941898e+00
162 6.6682090005540804e+00 3.5712782316068710e+00
163 6.5055906074181520e+00 3.6151789205357789e+00
164 6.4082127111564295e+00 3.6424426014111280e+00
165 6.3129730721294761e+00 3.6697157691082607e+00
166 6.1244565131147093e+00 3.7232115975159568e+00
167 6.1613856838991552e+00 3.7105034118619438e+00
168 6.1109608487958660e+00 3.7265190688603260e+00
169 5.9357683274933217e+00 3.7893040702165086e+00
170 5.7795879985437759e+00 3.8448643784996044e+00
171 5.8594809472314626e+00 3.8157854394064077e+00
172 5.7506355884012237e+00 3.8512978731698695e+00
173 5.5691409722658918e+00 3.9077992319388462e+00
174 5.2131789068037699e+00 4.0080641531403858e+00
175 4.9979179117052981e+00 4.0628983630007705e+00
176 4.6445716819014793e+00 4.1676525982789947e+00
177 -1.7026928626747488e+00 7.4217073074924240e+00
178 -1.8114220590118950e+00 7.4484205445668286e+00
179 -1.9152866498197587e+00 7.4763442520818941e+00
180 -2.0490868506185689e+00 7.5153854343768920e+00
181 -2.0939278026904944e+00 7.5294064126063898e+00
182 -2.1149537709373583e+00 7.5343190762218866e+00
183 -2.3011296083535964e+00 7.5873656452363480e+00
184 -2.3102614572524862e+00 7.5898652373403612e+00
185 -2.3142996660183957e+00 7.5910207108792704e+00
186 -2.4866996987119121e+00 7.6441831941104530e+00
187 -2.6652656125390277e+00 7.6842094977435655e+00
188 -2.8845559974212764e+00 7.7299019880596775e+00
189 -3.4589929292969113e+00 7.8754480465525090e+00
190 8.8934853006372450e+00 2.8551870082978597e+00
191 8.7786429331072853e+00 2.8941239060613348e+00
192 8.7104813991940446e+00 2.9184015048932404e+00
193 8.5309192847660853e+00 2.9822520404317969e+00
194 8.4768534261652100e+00 2.9995289608819888e+00
195 8.3409705721761451e+00 3.0407376546624105e+00
196 8.1627927509205538e+00 3.0918628671103239e+00
197 8.2125354277130072e+00 3.0773753683584495e+00
198 8.1428240519744861e+00 3.0979361242949275e+00
199 7.9568419641030452e+00 3.1594254228748193e+00
200 7.9447844078695864e+00 3.1639542177822073e+00
201 7.7831946255734197e+00 3.2237463538186741e+00
202 7.6089633693084116e+00 3.2826436246053903e+00
203 7.0429845320033468e+00 3.4493661459668923e+00
204 6.6941298282801034e+00 3.5624373927603497e+00
205 6.4790163042692202e+00 3.6196606611200521e+00
206 1.1411170935838506e-02 6.9594150538212238e+00
207 -1.1214544758762149e-01 6.9872917567756154e+00
208 -1.9322701098804104e-01 7.0064708921986352e+00
209 -3.4220220024665615e-01 7.0385831494507327e+00
210 -4.0805731019424613e-01 7.0537455030148140e+00
211 -5.7967292312888175e-01 7.0948021419879943e+00
212 -6.0516412752340010e-01 7.1000954435629406e+00
213 -6.1596866238516357e-01 7.1048196383850692e+00
214 -1.1725809715417115e+00 7.2663274014927488e+00
215 -1.5245417340345722e+00 7.3694755652450068e+00
216 1.3071400435931857e+01 1.2429411170814830e+00
217 1.2901181712007055e+01 1.3159235385803452e+00
218 1.2863368216279161e+01 1.3317007734863648e+00
219 1.2720172254434463e+01 1.3881951202835270e+00
220 1.2558187870423465e+01 1.4564766792867039e+00
221 1.2547977263436534e+01 1.4606889708451531e+00
222 1.2385621132206955e+01 1.5314649711825616e+00
223 1.2217900151535893e+01 1.6020319757555632e+00
224 1.2232855362869476e+01 1.5953977999235318e+00
225 1.2214736345751488e+01 1.6027714863160194e+00
226 1.2041568348197496e+01 1.6717517860312259e+00
227 1.1923909986272292e+01 1.7168548172236888e+00
228 1.1865246111030466e+01 1.7393056909845759e+00
229 1.1688224288586559e+01 1.8061596517060772e+00
230 1.1624329438890635e+01 1.8298950243117036e+00
231 1.1506689175499663e+01 1.8739868507103234e+00
232 1.1332811654583576e+01 1.9419692489043583e+00
233 1.1324065495309034e+01 1.9454702122584553e+00
234 1.1161189733697372e+01 2.0119583888148336e+00
235 1.0993953623772324e+01 2.0843512754200635e+00
236 1.0999036599536169e+01 2.0819534327467175e+00
237 1.0990598671292769e+01 2.0857652845587702e+00
238 1.0816959169221633e+01 2.1561731255929772e+00
239 1.0656045118608990e+01 2.2230595284820169e+00
240 1.0681772491410317e+01 2.2124555551935194e+00
241 1.0648535759029237e+01 2.2252895076850030e+00
242 1.0310045875733060e+01 2.3462029181379029e+00
243 1.0100467384972953e+01 2.4127765122953644e+00
244 9.7606958677252234e+00 2.5469660492266311e+00
245 9.4173105938036805e+00 2.6744150436613867e+00
246 9.0703026666533209e+00 2.7934673310388152e+00
247 8.5168935633291998e+00 2.9857906952068771e+00
248 7.9546833365853686e+00 3.1601862621923815e+00
249 2.6040133984854230e+00 6.0839439455837070e+00
250 2.5237807323852306e+00 6.1082676655673565e+00
251 2.3426153733740751e+00 6.1707843025763216e+00
252 2.3325843951516112e+00 6.1725894333115940e+00
253 2.1657494175890664e+00 6.2369782033674666e+00
254 2.0222311707932703e+00 6.2901965020645143e+00
255 1.9970170546249992e+00 6.2992515096077497e+00
256 1.9882974745111794e+00 6.3024070080082559e+00
257 1.8149237402872784e+00 6.3648154092287959e+00
258 1.7226920258607408e+00 6.3973114734948657e+00
259 1.6240473910185245e+00 6.4334060667200372e+00
260 1.4441678114712304e+00 6.4947752797478584e+00
261 1.4547251914277410e+00 6.4917503679964970e+00
262 1.4406808066939985e+00 6.4963529414661005e+00
263 1.2530292621335513e+00 6.5553582365002576e+00
264 1.0947933762044613e+00 6.6056607632973598e+00
265 8.8144526106129450e-01 6.6660302942657887e+00
266 5.3252830554968811e-01 6.7812228441449447e+00
267 1.8955495236693096e-01 6.9089775542389624e+00
268 1.5697832936885751e+01 2.6290449803320387e-01
269 1.5727503259580967e+01 2.6541383593733203e-01
270 1.5633016525693453e+01 2.2738403291187406e-01
271 1.5460782014235951e+01 2.6236693915742282e-01
272 1.5125095096124777e+01 4.0938943217837731e-01
273 1.4577915160917344e+01 6.1676397473406097e-01
274 1.4240182726209117e+01 7.5528047787764452e-01
275 1.3907310920486237e+01 9.0525664081778201e-01
276 1.3570114416106515e+01 1.0456030006024160e+00
277 1.3229295954441906e+01 1.1785886359697284e+00
278 1.2891223441626853e+01 1.3180526398596022e+00
279 1.2554325552641950e+01 1.4574986224483966e+00
280 1.1672293032171574e+01 1.8112251451971351e+00
281 1.1330759982887930e+01 1.9427102828281326e+00
282 5.8862345125342301e+00 4.8839382697107103e+00
283 5.7182087834632371e+00 4.9495441429405176e+00
284 5.7082774426125331e+00 4.9533580667335633e+00
285 5.5288602059249614e+00 5.0161609653518759e+00
286 5.4412495706593456e+00 5.0469355953379074e+00
287 5.3463860588062291e+00 5.0830768214475768e+00
288 5.1860984358785265e+00 5.1541291052386073e+00
289 5.0696421395001021e+00 5.2030665030997882e+00
290 5.0214517459818167e+00 5.2218759135200488e+00
291 4.8361007632535564e+00 5.2883749545013083e+00
292 4.8037481773100437e+00 5.2998893436716479e+00
293 4.6521598005749718e+00 5.3528486329623908e+00
294 4.5460937002655610e+00 5.3880307750894438e+00
295 4.4791170559902884e+00 5.4094931344921449e+00
296 4.4576771556555572e+00 5.4168537193480208e+00
297 4.2854373450292780e+00 5.4795787240169975e+00
298 4.2464243891954192e+00 5.4942796372115827e+00
299 3.9423060474171416e+00 5.6172960039008490e+00
300 3.9088159482623648e+00 5.6292981499591779e+00
301 3.5841272841227849e+00 5.7340067915153439e+00
302 3.2404680294101640e+00 5.8593127963509311e+00
303 2.8986199406924302e+00 5.9884678559841005e+00
304 2.3425930999063813e+00 6.1691741650520511e+00
305 1.5704292578894558e+01 5.2334072412145638e-01
306 1.5570020087702733e+01 6.2092239589607356e-01
307 1.5454381315628254e+01 6.8428402818829837e-01
308 1.5418520029807718e+01 7.0679199135097315e-01
309 1.5410797935656282e+01 7.0755090665304532e-01
310 1.5261376358403510e+01 7.9154382953601343e-01
311 1.5116483767249367e+01 8.7255833551293049e-01
312 1.5011874246677438e+01 9.2230662336469904e-01
313 1.4947702422854823e+01 9.4889452404356800e-01
314 1.4773028741340845e+01 1.0206077314837716e+00
315 1.4723115149461007e+01 1.0435490905922766e+00
316 1.4608797582741659e+01 1.1011996082317159e+00
317 1.4453893199618694e+01 1.1802557555508633e+00
318 1.4342237551701189e+01 1.2361172692107363e+00
319 1.4303166785364899e+01 1.2553997227137363e+00
320 1.4293489895240503e+01 1.2591282644690762e+00
321 1.4124731225837170e+01 1.3356636837928524e+00
322 1.4015283788596014e+01 1.3857432420479034e+00
323 1.3972098768704313e+01 1.4090935609406401e+00
324 1.3963910175724713e+01 1.4111903215808690e+00
325 1.3801435329547019e+01 1.4928527207137809e+00
326 1.3647222812577962e+01 1.5719391923181436e+00
327 1.3630118858865718e+01 1.5807551098950445e+00
328 1.3492931133721898e+01 1.6483742931294696e+00
329 1.3319504195289728e+01 1.7243006839403741e+00
330 1.3296912791173874e+01 1.7342006356167665e+00
331 1.3152898219439576e+01 1.7987424561998075e+00
332 1.2987026306015595e+01 1.8749560610560165e+00
333 1.2963573405375556e+01 1.8858730406986068e+00
334 1.2824943426182557e+01 1.9527167345067507e+00
335 1.2663079960945261e+01 2.0293526023396176e+00
336 1.2609176751677706e+01 2.0558287171329805e+00
337 1.2501049330665388e+01 2.1083546780875446e+00
338 1.2342235881059185e+01 2.1858590101950770e+00
339 1.2253657863085868e+01 2.2248884529375608e+00
340 1.2170317353005133e+01 2.2609922258187041e+00
341 1.2004481253692042e+01 2.3335217895606988e+00
342 1.1939707610974089e+01 2.3623081930427459e+00
343 1.1843357099054707e+01 2.4095650169398048e+00
344 1.1686237830859159e+01 2.4852101563460236e+00
345 1.1583707601178780e+01 2.5314606238896951e+00
346 1.1511605553283372e+01 2.5655553124578754e+00
347 1.1354071237457720e+01 2.6404894910214018e+00
348 1.1250661229453268e+01 2.6832934297088524e+00
349 1.1174060212888238e+01 2.7129471608481897e+00
350 1.1001001804625947e+01 2.7813055023915054e+00
351 1.0943133801222686e+01 2.8052621070703689e+00
352 1.0833238570364358e+01 2.8538949928323833e+00
353 1.0663145285693679e+01 2.9294906833658274e+00
354 1.0618385503364804e+01 2.9493093966866661e+00
355 1.0503765114407745e+01 3.0046338515487423e+00
356 1.0349312937549220e+01 3.0796588741461077e+00
357 1.0234193210788630e+01 3.1270753851787161e+00
358 1.0174883553540781e+01 3.1508770751895732e+00
359 1.0000308556935831e+01 3.2245338728842827e+00
360 9.9317086734179831e+00 3.2549971894325433e+00
361 9.8300509663517719e+00 3.3004413216857587e+00
362 9.6586352195806171e+00 3.3710582826704876e+00
363 9.6193502101682338e+00 3.3863748554546342e+00
364 9.4799547977052043e+00 3.4399335796436921e+00
365 9.3256625918580038e+00 3.5033343720423638e+00
366 9.3119340289389072e+00 3.5102705870593969e+00
367 9.3084061036914214e+00 3.5111177019774034e+00
368 9.1537638369520788e+00 3.5911192994899470e+00
369 8.9910900300674452e+00 3.6682620442433742e+00
370 8.9508246267675986e+00 3.6858981570437628e+00
371 8.8308509739312235e+00 3.7345854996001147e+00
372 8.6467790080473428e+00 3.8015625083980709e+00
373 8.6368742300630181e+00 3.8052152952077920e+00
374 8.4626650308976021e+00 3.8700227124435749e+00
375 8.3582377143972231e+00 3.9111307358327116e+00
376 8.3015117728046288e+00 3.9360348454124661e+00
377 8.2821969966974791e+00 3.9423970818988745e+00
378 7.9621657346939347e+00 4.0722406984375956e+00
379 7.6255709374495790e+00 4.2142223805773886e+00
380 6.7425119592507761e+00 4.5635647064923548e+00
381 6.3994850993181469e+00 4.6919627067215126e+00
382 6.0558553150156991e+00 4.8183067152799737e+00
383 5.7159321273994852e+00 4.9505786387676673e+00
384 5.1680802975030780e+00 5.1580046459625857e+00
385 4.8276617084130571e+00 5.2912300403991779e+00
386 1.4761323959786829e+01 1.0252963266776980e+00
387 1.3645521131391666e+01 1.5723348695501718e+00
388 1.3313870764576249e+01 1.7258537745709936e+00
389 1.2981793583043590e+01 1.8773650156173871e+00
390 1.2652090209831499e+01 2.0346160273990002e+00
391 1.2321596571884495e+01 2.1892802812137568e+00
392 1.1987398180458518e+01 2.3371839916413029e+00
393 1.1657726774694204e+01 2.4931642547123301e+00
394 1.0987535792893215e+01 2.7850339662501140e+00
395 1.0652985193736473e+01 2.9314046379696292e+00
396 1.0322502554170724e+01 3.0861688092966713e+00
397 9.9862434827804272e+00 3.2294553362769305e+00
398 9.6510923000834161e+00 3.3744411083211401e+00
399 8.9831166906243691e+00 3.6696521406303635e+00
400 8.6431962918352312e+00 3.8024531920402587e+00
