# row axial thickness
1 -1.0469835970655936e+01 7.6509995855080932e+00
2 -1.0583090094204298e+01 7.6882197702397459e+00
3 -1.0759387275947896e+01 7.7518414169308061e+00
4 -1.0752442167469393e+01 7.7491870325815384e+00
5 -1.0763377162678468e+01 7.7534310493926428e+00
6 -1.0946698542915652e+01 7.8153574455470984e+00
7 -1.1034887568457480e+01 7.8347949467225844e+00
8 -1.1178199677605354e+01 7.8338279165316616e+00
9 -1.1449632446074972e+01 7.8043647629129413e+00
10 -1.1386286315843957e+01 7.9981131957769973e+00
11 -9.3865578213185596e+00 7.4224389804705329e+00
12 -9.3675656917063748e+00 7.4206762032366518e+00
13 -9.3928012698830585e+00 7.4248880196929621e+00
14 -9.6087575271064889e+00 7.4591344093913428e+00
15 -9.5975002124058388e+00 7.4583805473509308e+00
16 -9.6133627282763214e+00 7.4607308731424720e+00
17 -9.8361900088411911e+00 7.4919936607257904e+00
18 -1.0410895527279482e+01 7.6327157102973100e+00
19 -1.1265257030013512e+01 8.2097844505511759e+00
20 -1.1272071102195627e+01 8.2015606191065995e+00
21 -1.1261344396163750e+01 8.2138718540457738e+00
22 -8.3320861396102721e+00 7.2669461165656895e+00
23 -8.3400993953244473e+00 7.2681598296444276e+00
24 -8.5551312256471927e+00 7.3017645033622518e+00
25 -8.5638668939962894e+00 7.3030539890338426e+00
26 -8.7855902970313018e+00 7.3341147199631243e+00
27 -1.0969025305766582e+01 8.4252494840514167e+00
28 -1.1154937809027212e+01 8.3036369088159550e+00
29 -7.1042415227918889e+00 7.0347920121546688e+00
30 -7.2595147346921003e+00 7.0658586012821480e+00
31 -7.3215920482730761e+00 7.0785072804348186e+00
32 -7.5197700710080611e+00 7.1209422985670763e+00
33 -7.5053237942692475e+00 7.1182854651496452e+00
34 -7.5246795530845656e+00 7.1221923879179130e+00
35 -7.7415712396021190e+00 7.1621188444290071e+00
36 -8.3343954794120734e+00 7.2675697825766532e+00
37 -8.5593994065949932e+00 7.3026042352073590e+00
38 -1.0628492155512166e+01 8.5826788623201473e+00
39 -1.0618909565980880e+01 8.5871280660995506e+00
40 -1.0648840746778319e+01 8.5757761733081495e+00
41 -5.7263943587655959e+00 6.7211079609901327e+00
42 -5.9190367757823097e+00 6.7660350272294654e+00
43 -5.8953417755335451e+00 6.7606347383398582e+00
44 -5.9288553646996105e+00 6.7682344388782809e+00
45 -6.1382054830467130e+00 6.8131008599676282e+00
46 -6.1319850219403040e+00 6.8118399716922973e+00
47 -6.1408268758245175e+00 6.8138314767695363e+00
48 -6.3434611871290096e+00 6.8639656669586673e+00
49 -6.3871412692995921e+00 6.8745972838318741e+00
50 -6.7184733706798809e+00 6.9460779841467444e+00
51 -6.9337976433619009e+00 6.9974774513387610e+00
52 -1.0240456954580715e+01 8.7193093398557497e+00
53 -1.0251822101322606e+01 8.7156784913521932e+00
54 -4.3528730413040595e+00 6.3945004784796087e+00
55 -4.5101377871518746e+00 6.4341253746070892e+00
56 -4.5554343952389766e+00 6.4456200143184317e+00
57 -4.7565062532009366e+00 6.4968634901663576e+00
58 -4.7633876305163385e+00 6.4985596982425919e+00
59 -4.9626650788336946e+00 6.5431573300316757e+00
60 -5.0053855194669952e+00 6.5524371685735341e+00
61 -5.3363470259147290e+00 6.6342749185752155e+00
62 -5.5555926313703639e+00 6.6818387185780939e+00
63 -9.7020725441234053e+00 8.8832197616522688e+00
64 -9.8620756130711822e+00 8.8474440245852417e+00
65 -9.8686818965528200e+00 8.8457295315933671e+00
66 -1.0245156581229871e+01 8.7185684888848627e+00
67 -2.6488182545720411e+00 5.9289947288820590e+00
68 -2.7994714425969369e+00 5.9745631839235047e+00
69 -2.8350665865957909e+00 5.9858145389285262e+00
70 -3.0255909850914007e+00 6.0424754112582182e+00
71 -3.0756213355759674e+00 6.0547852531000670e+00
72 -3.2377065821133422e+00 6.0888359901418765e+00
73 -3.2970380103438104e+00 6.1032818696080033e+00
74 -3.4365585307477966e+00 6.1403282396638899e+00
75 -3.6152370044816906e+00 6.1909296813438051e+00
76 -4.1853453818200519e+00 6.3467077633270446e+00
77 -4.7562393790747279e+00 6.4965432976657054e+00
78 -9.3237737310856819e+00 9.0084461300408982e+00
79 -9.4983826166381906e+00 8.9546576401757640e+00
80 -9.4784089903014568e+00 8.9687228785543631e+00
81 -9.5293651998953735e+00 8.9538003582858039e+00
82 -9.8628324328843551e+00 8.8487351892267014e+00
83 -9.4164201461530139e-01 5.4520494204380396e+00
84 -1.0816219566322423e+00 5.4950361008255779e+00
85 -1.1344129827850169e+00 5.5104573062521114e+00
86 -1.3315446459840437e+00 5.5651041270002173e+00
87 -1.3399816969977709e+00 5.5674758831712419e+00
88 -1.5315406810708543e+00 5.6192931797256582e+00
89 -1.5993627368363219e+00 5.6386995308368677e+00
90 -1.7219213468178045e+00 5.6738868159455249e+00
91 -1.9055680312923384e+00 5.7202678931979367e+00
92 -2.4735249375340653e+00 5.8802838329720828e+00
93 -3.0391764517985420e+00 6.0441914596758970e+00
94 -8.9166677235203409e+00 9.1084348589983239e+00
95 -9.1234824692581391e+00 9.0760730475900058e+00
96 -9.0956331933026693e+00 9.0915435266832816e+00
97 1.0764719281014594e+00 4.8202937707287328e+00
98 1.0014999791592747e+00 4.8424541549300972e+00
99 8.8006202159540425e-01 4.8774936666975304e+00
100 7.0513984742744873e-01 4.9373313785946680e+00
101 7.1963581071195470e-01 4.9321990362338575e+00
102 7.0093536977405035e-01 4.9388376454526073e+00
103 5.1516247139460281e-01 5.0018906632324667e+00
104 4.4725565630090297e-01 5.0236717168743956e+00
105 3.2345177071809339e-01 5.0607203016394298e+00
106 1.4285357553470851e-01 5.1121421181282098e+00
107 1.8184816894181927e-01 5.1013578953713647e+00
108 1.2936320044180347e-01 5.1168735274984671e+00
109 -4.2086644542204282e-01 5.2823504356177642e+00
110 -7.7160417589288111e-01 5.3943214830021846e+00
111 -1.3340374263418355e+00 5.5658914949257614e+00
112 -8.2763639607216906e+00 9.1498429084187940e+00
113 -8.3006025163490396e+00 9.1552413859766855e+00
114 -8.4687786743530751e+00 9.1653746185578679e+00
115 -8.5437509816535879e+00 9.1659733414726077e+00
116 3.4375002911656152e+00 4.0424626745891317e+00
117 3.3974142797273585e+00 4.0557134487679907e+00
118 3.2521046783869525e+00 4.1040092299474642e+00
119 3.0782914200492320e+00 4.1603867631009628e+00
120 3.1094952897664068e+00 4.1503843524661681e+00
121 3.0673708266070698e+00 4.1637134244392993e+00
122 2.8696184352842029e+00 4.2222615669843284e+00
123 2.8587177750109558e+00 4.2258911216208892e+00
124 2.6864310738288144e+00 4.2868532366798817e+00
125 2.5218330273380762e+00 4.3466292376114470e+00
126 2.5493022371306955e+00 4.3373931572128246e+00
127 2.5124137179931121e+00 4.3496484992974862e+00
128 2.1734187809065681e+00 4.4638746549274302e+00
129 1.9654963865877104e+00 4.5338912859158782e+00
130 1.6142606600855780e+00 4.6449910146563056e+00
131 1.0564324760233776e+00 4.8260796610532175e+00
132 -6.7551522579446210e+00 8.7789185294899656e+00
133 -6.8298303985790740e+00 8.7903633295623180e+00
134 -6.9645319426805337e+00 8.8121306410207669e+00
135 -7.0903402614645126e+00 8.8327288782677762e+00
136 -7.1985161776630715e+00 8.8451081730679473e+00
137 -7.3762254264401941e+00 8.8714268369737219e+00
138 -7.5988715514731213e+00 8.9119436775622773e+00
139 6.1062521976728297e+00 3.1420755908429840e+00
140 5.9574220461628355e+00 3.1877995329893265e+00
141 5.8322695968341502e+00 3.2312718756799588e+00
142 5.7777393933272050e+00 3.2513165744111885e+00
143 5.6031810900249885e+00 3.3182125661191142e+00
144 5.5233871305982287e+00 3.3475877510961163e+00
145 5.4196970570125931e+00 3.3814080762461729e+00
146 5.2352636878622612e+00 3.4397574506094126e+00
147 5.2667768730939288e+00 3.4285105877310942e+00
148 5.2233906619191055e+00 3.4431851060154925e+00
149 5.0460664689161741e+00 3.5073056295246423e+00
150 4.9741288297965651e+00 3.5307682490291210e+00
151 4.8586409180138235e+00 3.5689250157115699e+00
152 4.6791439863865181e+00 3.6255016493404750e+00
153 4.3308577270926527e+00 3.7416814768738109e+00
154 3.9856842400826551e+00 3.8652790439772717e+00
155 3.7775977414825088e+00 3.9337769508396918e+00
156 3.4263916303952082e+00 4.0454745564084496e+00
157 2.8661825806523917e+00 4.2234729073956334e+00
158 -5.7245513675964448e+00 8.5909246904817778e+00
159 -5.7871923846497051e+00 8.6059898186031880e+00
160 -5.9253357341327773e+00 8.6344263351287616e+00
161 -6.0197329853896333e+00 8.6509588673233040e+00
162 -6.1586065326005475e+00 8.6727758728211430e+00
163 -6.3255189483863017e+00 8.7087117305474226e+00
164 -6.5505056430216104e+00 8.7476055486925084e+00
165 9.2019303957605931e+00 2.0233769479558226e+00
166 9.1571181929061520e+00 2.0400335526535076e+00
167 8.9750354713855760e+00 2.1048784675767203e+00
168 8.9234922382576709e+00 2.1227434090020338e+00
169 8.7895823608801074e+00 2.1675480936885068e+00
170 8.6161103198133642e+00 2.2315538523695642e+00
171 8.6383619422180935e+00 2.2208949456214335e+00
172 8.6077919333008701e+00 2.2328747276333827e+00
173 8.4396448186011384e+00 2.3041778445491188e+00
174 8.2798165029810153e+00 2.3719469483847413e+00
175 8.3010797057009871e+00 2.3629052092467506e+00
176 8.2733425055380412e+00 2.3730761238268610e+00
177 8.0802462514735716e+00 2.4370414721528038e+00
178 8.0446466621878852e+00 2.4495709731956019e+00
179 7.9054595868652804e+00 2.5024025726213921e+00
180 7.7313244551612286e+00 2.5665036087229862e+00
181 7.7176852674589362e+00 2.5706103472786053e+00
182 7.3862039089454292e+00 2.6998904677880913e+00
183 7.4325456385093096e+00 2.6791415695820993e+00
184 7.3758429320991103e+00 2.7026005393435955e+00
185 7.0399364167205114e+00 2.8221950909133016e+00
186 6.4863599393196809e+00 3.0132817739120976e+00
187 6.1390857624350943e+00 3.1319175276241991e+00
188 5.5848071478331054e+00 3.3237533162672404e+00
189 -4.3508016963908531e+00 8.2621542141816580e+00
190 -4.3917075592198129e+00 8.2724547093516350e+00
191 -4.5682485397840980e+00 8.3111885231756091e+00
192 -4.6291565122490770e+00 8.3259695474071727e+00
193 -4.7668251819091587e+00 8.3566373581504916e+00
194 -4.9461873171735746e+00 8.4026903891216449e+00
195 -4.8899309311297667e+00 8.3852388658623767e+00
196 -5.1619612326214792e+00 8.4552315478438285e+00
197 -5.5238493073935508e+00 8.5415943565373649e+00
198 -5.7404110167869726e+00 8.5963183367391895e+00
199 1.8426353944840834e+01 -1.9274652028589720e+00
200 1.8318871233171489e+01 -2.0176873967192726e+00
201 1.8345867728169548e+01 -2.0214107671724140e+00
202 1.8085606975927551e+01 -2.0014564646866146e+00
203 1.6964946390414735e+01 -1.4634484424313183e+00
204 1.6634368968739594e+01 -1.3078251648296406e+00
205 1.6302638782600141e+01 -1.1553818969472189e+00
206 1.5974803465468518e+01 -9.9532285447352686e-01
207 1.5647156910028203e+01 -8.3339847823316904e-01
208 1.5316256297858461e+01 -6.7891597534100701e-01
209 1.4525474745186649e+01 -2.9838763502646298e-01
210 1.4198710896811221e+01 -1.3528111846637422e-01
211 1.3866377518294474e+01 1.5951635130823209e-02
212 1.3533606764078421e+01 1.6666860778910333e-01
213 1.3200173428062048e+01 3.1504497570294848e-01
214 1.2871906671370130e+01 4.7600040554782103e-01
215 1.2542190045829082e+01 6.3237952226764338e-01
216 1.2208488322290776e+01 7.8046058205238378e-01
217 1.1869700589582784e+01 9.1893390224199933e-01
218 1.1540129681149708e+01 1.0753758093946788e+00
219 1.1204510312551047e+01 1.2197220114887473e+00
220 1.0864776472636729e+01 1.3549113327175035e+00
221 1.0528107020796071e+01 1.4965915520767066e+00
222 1.0183944909207808e+01 1.6224112938040449e+00
223 9.8474812625588211e+00 1.7643616999438549e+00
224 9.6399584208364111e+00 1.8368758938307941e+00
225 9.3040533582704388e+00 1.9783507244456700e+00
226 8.9614315707111096e+00 2.1073386125422671e+00
227 7.7310048385795476e+00 2.5653367338182891e+00
228 -2.2974474442970090e+00 7.6607351526869021e+00
229 -2.3656630786925592e+00 7.6826415790999967e+00
230 -2.4696466998949322e+00 7.7193329537485411e+00
231 -2.6561662208523433e+00 7.7826133226380652e+00
232 -2.6623155960246363e+00 7.7848196770040845e+00
233 -2.6654516253896614e+00 7.7860841302585850e+00
234 -2.8401592547493579e+00 7.8472314844045048e+00
235 -2.9533814306655808e+00 7.8818971723082161e+00
236 -3.0311910993618643e+00 7.9062479471810674e+00
237 -3.2222204641214152e+00 7.9612809184222177e+00
238 -3.2155954984062594e+00 7.9599562886805932e+00
239 -3.2252902619245591e+00 7.9624820055073151e+00
240 -3.8026787411071261e+00 8.1004025307827856e+00
241 -4.3656829542596807e+00 8.2686680514408604e+00
242 1.8392188649187183e+01 -1.7117737092244716e+00
243 1.8282930015160623e+01 -1.5965262847920894e+00
244 1.8152739990711211e+01 -1.4958759770958880e+00
245 1.8141824513992560e+01 -1.4879632053322440e+00
246 1.8005194840876808e+01 -1.4032309630577680e+00
247 -2.8009289883421778e-01 7.0167843476407485e+00
248 -2.8971788939208654e-01 7.0194214533607138e+00
249 -4.7680239091337817e-01 7.0737828311306128e+00
250 -5.4919605177017872e-01 7.0993005268099427e+00
251 -6.5958230110432181e-01 7.1413156634473793e+00
252 -8.4295879948660835e-01 7.2043427664291473e+00
253 -8.3461633421217940e-01 7.2017816161078416e+00
254 -8.4825903928552548e-01 7.2060917851259356e+00
255 -1.0293759737185939e+00 7.2621932431609899e+00
256 -1.1020667930819745e+00 7.2829134935143669e+00
257 -1.1930531266826390e+00 7.3108762363603397e+00
258 -1.2257842290269512e+00 7.3183678471390712e+00
259 -1.4065095312876443e+00 7.3732568725372243e+00
260 -1.7505937391155397e+00 7.4957854182158457e+00
261 -2.3158405824904800e+00 7.6676620317199013e+00
262 1.8272045946811680e+01 -1.5868842261035121e+00
263 1.8151583415014329e+01 -1.4945695206686109e+00
264 1.7835646933121183e+01 -1.3096282536060639e+00
265 1.7395937776392664e+01 -1.0380003902916939e+00
266 1.7074247358109769e+01 -8.6271163147503238e-01
267 1.6772756666102701e+01 -6.8679605443797587e-01
268 1.6674485198023469e+01 -6.2997321396515926e-01
269 1.6629389183685653e+01 -6.0484614718668028e-01
270 1.6618846305276069e+01 -6.0009337408520380e-01
271 1.6460649998260507e+01 -5.1748800229522141e-01
272 1.6313291170564252e+01 -4.3967245285605167e-01
273 1.6306331773402910e+01 -4.3574605249978682e-01
274 1.6302990134006130e+01 -4.3418838062425946e-01
275 1.6150853855864920e+01 -3.5246101740187297e-01
276 1.5992387624720134e+01 -2.6911777214076560e-01
277 1.5920963831228452e+01 -2.3054175591866777e-01
278 1.5855166365346435e+01 -1.8854574413772951e-01
279 1.5841799787658630e+01 -1.8626382473863198e-01
280 1.5689736703099099e+01 -9.9199299388267645e-02
281 1.5543340175121616e+01 -1.1829064043276138e-02
282 1.5494624559886235e+01 1.6331558991345842e-02
283 1.5393265729989487e+01 7.2626622412841860e-02
284 1.5237484875018293e+01 1.5438365803722520e-01
285 1.5090841060492020e+01 2.3266698400657065e-01
286 1.5082680332679622e+01 2.3733625016482188e-01
287 1.5081013708055869e+01 2.3784926109711865e-01
288 1.4930733487341596e+01 3.1815999142953688e-01
289 3.5765602631982616e+00 5.5720341811988812e+00
290 3.4570096885205168e+00 5.6219910272653246e+00
291 3.4062160805631896e+00 5.6436168048487785e+00
292 3.2329959739288143e+00 5.7152921108633326e+00
293 3.1483629796136987e+00 5.7497665531133730e+00
294 3.0591490208902523e+00 5.7839375886889410e+00
295 2.8800892485594143e+00 5.8514660050660465e+00
296 2.8582515022943045e+00 5.8600935924772779e+00
297 2.7172049854838369e+00 5.9232491903276481e+00
298 2.5606626055039499e+00 5.9979746766451960e+00
299 2.4763296400280641e+00 6.0326543970396465e+00
300 2.3828535968414273e+00 6.0653617264318127e+00
301 2.2114178651367533e+00 6.1278187561440376e+00
302 2.2003938210012035e+00 6.1319760442412594e+00
303 2.1963889570061306e+00 6.1332668893467641e+00
304 2.0075224706497896e+00 6.1966601006383435e+00
305 1.9518442899846375e+00 6.2159202555818061e+00
306 1.8547858376819089e+00 6.2552166624123773e+00
307 1.8287065934108995e+00 6.2632453502773728e+00
308 1.6532663319341192e+00 6.3288722391675893e+00
309 1.6373253680356274e+00 6.3348764694298909e+00
310 1.4751412709059932e+00 6.3972572604637561e+00
311 1.3279679535637743e+00 6.4548431866793239e+00
312 1.3083456206644872e+00 6.4632324286529279e+00
313 1.3016641380732517e+00 6.4648823535186954e+00
314 9.6006667808005464e-01 6.5796337157916627e+00
315 4.0891924570168187e-01 6.7777649619318536e+00
316 6.7074207432041899e-02 6.9074318741308378e+00
317 -2.8378437269221696e-01 7.0174450182284351e+00
318 -4.9632548575491786e-01 7.0795351405718892e+00
319 1.5981711588378570e+01 -2.6671835448433678e-01
320 1.5535211415521982e+01 -1.0971985958267696e-02
321 1.4761856581761251e+01 4.0749104827451343e-01
322 1.4436276064232532e+01 5.7338754002635672e-01
323 1.4110432573596784e+01 7.3868878666334414e-01
324 1.3658464363962212e+01 9.8068526768425124e-01
325 1.3333825388055310e+01 1.1509884632584759e+00
326 1.3006693735554597e+01 1.3122178979509467e+00
327 1.2679612313091029e+01 1.4745504397246396e+00
328 1.2223669285204242e+01 1.7097232137663005e+00
329 1.1949604854392700e+01 1.8461041474803499e+00
330 1.1898388399277700e+01 1.8761625271187872e+00
331 1.1722796068722072e+01 1.9600283793183071e+00
332 1.1576405838861335e+01 2.0432646942408290e+00
333 1.1554736459297779e+01 2.0551235096288760e+00
334 1.1418717483477986e+01 2.1238432230834663e+00
335 1.1248928155078840e+01 2.2020191209022864e+00
336 1.1232392344703722e+01 2.2096579118914175e+00
337 1.1086679612070443e+01 2.2766660082449941e+00
338 1.0916242330273223e+01 2.3504230302834159e+00
339 1.0896393797871909e+01 2.3589342260905202e+00
340 1.0746019778981500e+01 2.4263407594498001e+00
341 1.0588361815771925e+01 2.5058054913368686e+00
342 1.0539546519076005e+01 2.5335985598872703e+00
343 1.0456978449720371e+01 2.5881353076355849e+00
344 1.0438424670420551e+01 2.5901066908427275e+00
345 1.0282290327384567e+01 2.6736962617387068e+00
346 1.0134295715916295e+01 2.7532383053054117e+00
347 1.0112552069690823e+01 2.7630102874846711e+00
348 9.9650848677179056e+00 2.8237147265603881e+00
349 9.8015718917337136e+00 2.8965170800877025e+00
350 9.7951321117708243e+00 2.8993181818625744e+00
351 9.7928302587606950e+00 2.9002249467324641e+00
352 9.6196521141269784e+00 2.9712725922757630e+00
353 9.5058539302946965e+00 3.0194604503491176e+00
354 9.4592501438054502e+00 3.0417152576297912e+00
355 9.4457833328670286e+00 3.0462626381396558e+00
356 9.2835501021112261e+00 3.1205458875483774e+00
357 9.1569028019321301e+00 3.1785819708872665e+00
358 9.1276746661036121e+00 3.1946016219981153e+00
359 9.1178749496885310e+00 3.1962046325033739e+00
360 8.9575042830193343e+00 3.2751465621161078e+00
361 8.8015910075176222e+00 3.3543359773464747e+00
362 8.7913768517698312e+00 3.3589083345657205e+00
363 8.6247670409509940e+00 3.4266193372619971e+00
364 8.4710633517539353e+00 3.4961470974534037e+00
365 8.4633603286260115e+00 3.5000765795506474e+00
366 8.4609237386430127e+00 3.5006220368591499e+00
367 8.3064694189057935e+00 3.5734148954286682e+00
368 8.1305488765231964e+00 3.6480721659883009e+00
369 8.1363118047682708e+00 3.6453626429704822e+00
370 8.1279353096513915e+00 3.6490855795334478e+00
371 7.9530961261867175e+00 3.7172283466835414e+00
372 7.8323906497020204e+00 3.7650559421031895e+00
373 7.7911249542682954e+00 3.7846202574270991e+00
374 7.7767641908276666e+00 3.7885687004639310e+00
375 7.5153312339247931e+00 3.9056146477501179e+00
376 7.4593184435691882e+00 3.9366271870252785e+00
377 7.2852983544203616e+00 4.0198192188205644e+00
378 7.1398027063514684e+00 4.0875343586918280e+00
379 7.1293647861007576e+00 4.0924278561453971e+00
380 7.1252867129486583e+00 4.0935603056991212e+00
381 6.8115432219729195e+00 4.2268153192743743e+00
382 6.7930351353418414e+00 4.2352212451574776e+00
383 6.7885931436681188e+00 4.2370044553546258e+00
384 6.4515869669337640e+00 4.3688434078092104e+00
385 6.1159320374672976e+00 4.5111316228770537e+00
386 5.7804158634995284e+00 4.6551476265010931e+00
387 5.4467589785609212e+00 4.8048863352551363e+00
388 5.1124011673035437e+00 4.9504830281137133e+00
389 4.7701681124542281e+00 5.0815189607495608e+00
390 4.4355070637610874e+00 5.2273937196315359e+00
391 4.0989895409938004e+00 5.3687002480768644e+00
392 3.8924684590570382e+00 5.4422253509339162e+00
393 3.5545082850889305e+00 5.5815262476424188e+00
394 3.2168708160013355e+00 5.7213552339114342e+00
395 2.8748628507222005e+00 5.8522254530481659e+00
396 2.5426348439701383e+00 6.0029092588881641e+00
397 1.6489781522578539e+00 6.3304489404610242e+00
398 1.1573245043277325e+01 2.0441543991295847e+00
399 1.0130056110593600e+01 2.7537840631933368e+00
400 8.7992302219397320e+00 3.3544909811197625e+00
