# x_over_c y_over_c
1.0000000000000002e+00 2.5587171270657905e-17
9.9116278512876355e-01 8.1342431678468781e-03
9.8558333750317439e-01 9.8302585536891134e-03
9.8049723473152839e-01 1.1426597801967132e-02
9.7048696149144587e-01 1.4482524815176425e-02
9.6511056286239227e-01 1.5788011981450616e-02
9.5902072347758849e-01 1.7038520753338091e-02
9.4295388499958166e-01 2.0957725737297872e-02
9.2635097395755384e-01 2.4686511826784208e-02
9.1578132030135018e-01 2.7131294313430709e-02
9.0499287289769970e-01 2.9371028183142838e-02
8.9756218831518342e-01 3.0765737750517892e-02
8.8863291244135223e-01 3.2365536086298351e-02
8.8303116591732456e-01 3.3414222934730356e-02
8.7148781851725143e-01 3.5727870118189127e-02
8.5534776912809996e-01 3.8861094374637674e-02
8.4379849164445686e-01 4.0892960855097173e-02
8.2155235254286485e-01 4.4782085838889853e-02
8.1039708291242629e-01 4.6687059944218234e-02
7.9940851565417237e-01 4.8439886719551295e-02
7.8285979327353694e-01 5.0950872928818891e-02
7.7186410905875780e-01 5.2746181384856608e-02
7.6003007703014380e-01 5.4545149397614547e-02
7.4904745214648938e-01 5.6110319855823175e-02
7.3744187979723319e-01 5.7429626739671613e-02
7.1425748254566712e-01 5.9742690052851877e-02
6.8640380150503988e-01 6.3004908487631447e-02
6.7477390091118927e-01 6.3863553062056863e-02
6.6318312255948719e-01 6.4946476950558538e-02
6.3997889438541999e-01 6.7331827371967967e-02
6.1673608899637944e-01 6.9174441988764004e-02
6.0510327387667118e-01 6.9898629410881194e-02
5.8183978486391796e-01 7.1651137674769202e-02
5.4233034668201385e-01 7.5167409362095483e-02
5.2371046981674318e-01 7.5979270938514892e-02
5.0039278943661436e-01 7.6935420950659680e-02
4.8508630638550809e-01 7.8265140723933119e-02
4.7128879125976125e-01 7.8537500206629821e-02
4.5374573033196303e-01 7.8971539870636653e-02
4.4142146171594887e-01 7.9525481858794531e-02
4.2223525568822634e-01 8.0732782986428137e-02
4.1179520683296889e-01 8.0963040106200423e-02
4.0015226658174086e-01 8.1364668888472755e-02
3.8848530412688620e-01 8.1394771760968307e-02
3.6971746590360566e-01 8.0754789288326939e-02
3.4686859612988180e-01 8.1659424825265337e-02
3.4534673916691372e-01 8.1515523809223070e-02
3.2849627024482547e-01 8.0379801794217748e-02
3.1584940270644341e-01 8.0296106972007175e-02
2.7341137490140099e-01 7.9384210289933560e-02
2.6706353324180798e-01 7.9330306938626916e-02
2.5790300704467101e-01 7.8504903525264444e-02
2.4187457652618158e-01 7.8155738750437243e-02
2.2902154406923877e-01 7.6812845597747370e-02
2.1735547331271024e-01 7.6462768812045417e-02
2.0487934060004662e-01 7.5330571144418171e-02
1.9174159212253442e-01 7.3611765498552029e-02
1.7965565914093712e-01 7.3046935560717494e-02
1.6078931130078150e-01 7.1211607221673676e-02
1.5402889108057882e-01 7.0354342843579776e-02
1.4577720491798524e-01 6.9010836938381157e-02
1.2762200508645752e-01 6.6031033899236327e-02
1.2096397651106700e-01 6.4510007709098788e-02
1.1379844631719656e-01 6.3457811340582482e-02
1.0148573474859261e-01 6.1593583035866969e-02
9.4266124896762754e-02 5.9698553007044901e-02
8.5682786767419666e-02 5.8114496864033749e-02
7.2772437072240237e-02 5.3961694624963995e-02
6.2811848578385190e-02 5.1330467798199747e-02
5.8570019832811730e-02 4.9412741839992502e-02
5.1253638919872724e-02 4.6406611284758821e-02
4.4188665812513399e-02 4.3064147010069193e-02
3.2587229935983231e-02 3.5860792799311265e-02
2.9010119061363610e-02 3.2915708176215953e-02
2.2667734748616063e-02 2.7801303072579730e-02
1.9275472732923200e-02 2.4692448900754470e-02
1.4029575700271711e-02 1.9890990138213265e-02
1.0073433544978283e-02 1.6065243128456225e-02
5.1418573007874216e-03 1.0754636332102255e-02
1.4282723975230661e-03 5.3989693313638790e-03
0.0000000000000000e+00 0.0000000000000000e+00
0.0000000000000000e+00 0.0000000000000000e+00
7.4946907255917898e-03 -6.0728291265076881e-03
2.6329579856842235e-02 -4.7424621751503138e-03
3.8061820657968481e-02 -4.2974627433879347e-03
4.4315900512701470e-02 -3.8494133134678895e-03
5.1134028929387787e-02 -3.0226090175582364e-03
5.4625716866841124e-02 -2.5429499979696944e-03
6.4011167624043963e-02 -1.3944319045163544e-03
8.2462494489991947e-02 6.4457543211411683e-04
8.9577930215003654e-02 1.8127967540969806e-03
9.6010014716448447e-02 2.6083328482606563e-03
1.0887879518645084e-01 4.3596894518343763e-03
1.2757329055017516e-01 6.3590603646134737e-03
1.3611061815551251e-01 7.3794604680319127e-03
1.4665266220508563e-01 8.4177124277698273e-03
1.6550277074828118e-01 1.0063896108013993e-02
1.7180174872454848e-01 1.0608299931341216e-02
1.8366160827148284e-01 1.1421440559020377e-02
2.1021462007087185e-01 1.3891153233428490e-02
2.2194998201857161e-01 1.4596553022732746e-02
2.3474922215508073e-01 1.5575746109251398e-02
2.4738116482678943e-01 1.6877044632360134e-02
2.5962178770233540e-01 1.7527355442127326e-02
2.7840729468626335e-01 1.8696246684290454e-02
2.8786210106937338e-01 1.9428679370729410e-02
3.0332575543209273e-01 2.0073963588499846e-02
3.1598357644994002e-01 2.0736097332100707e-02
3.4646774706527989e-01 2.1969460184113082e-02
3.6468759453113320e-01 2.2575540169570776e-02
3.7695888023262614e-01 2.2862128282391560e-02
3.9569822156476364e-01 2.3360466905065165e-02
4.0738290933729077e-01 2.3158115143745096e-02
4.2611992796093112e-01 2.3745353413912835e-02
4.4312408101552220e-01 2.3367966596828729e-02
4.6120490988515395e-01 2.3568275246250374e-02
4.7990898471104543e-01 2.3736211003228157e-02
4.9166637042670852e-01 2.3898590483531292e-02
5.1035520438764859e-01 2.4119696151394275e-02
5.2205544362373657e-01 2.3940346626306754e-02
5.4517716274959149e-01 2.3205735270140904e-02
5.5760675158380490e-01 2.3380273686121687e-02
5.7579195717383469e-01 2.3191560048840022e-02
5.8746110517647510e-01 2.2861076246758483e-02
6.0613690726876379e-01 2.2719186963288097e-02
6.1779906338766089e-01 2.2295057169122817e-02
6.2946858867564159e-01 2.1911693971752404e-02
6.5279635264658642e-01 2.0927374042878991e-02
6.6442378818561065e-01 2.0079363153360681e-02
6.7607531351148653e-01 1.9468980515230581e-02
6.9472191779739023e-01 1.8977944713580587e-02
7.1147396112650629e-01 1.7799744459449918e-02
7.2303097011731809e-01 1.7043733265065902e-02
7.4059497293518928e-01 1.5885523957203773e-02
7.5233846758558065e-01 1.5107643354125686e-02
7.6724913146756646e-01 1.3692571903758888e-02
7.8076074424276798e-01 1.2132833664552652e-02
7.9237964813583317e-01 1.1160275729738284e-02
8.0508491735636512e-01 9.7264429328345042e-03
8.1605514278132651e-01 9.1781570020175451e-03
8.2813348786628993e-01 8.0167488721461476e-03
8.3806973144633268e-01 6.6388955660693525e-03
8.5498425289168123e-01 4.7165828082686772e-03
8.6658975959662754e-01 3.7153722852072859e-03
8.7818323016072131e-01 2.6518048031683172e-03
8.8979767437238177e-01 1.7413943606843609e-03
9.0140589632165047e-01 8.0642175418043521e-04
9.1303316857813477e-01 4.6906926201558579e-05
9.2465130522287142e-01 -7.6949301414261134e-04
9.3625530266018464e-01 -1.7519053189725688e-03
9.4791634471393282e-01 -2.1494677576717226e-03
9.5333615034970520e-01 -2.3880773522238089e-03
9.6055890515457720e-01 -2.5127340898848417e-03
9.6514264457663124e-01 -2.6646193553859100e-03
9.7126077514789033e-01 -2.6441154677136701e-03
9.7735600948054457e-01 -2.5923728981414283e-03
9.8292695814238862e-01 -2.6833568978189100e-03
9.8969512359866085e-01 -2.1094713064177067e-03
1.0000000000000002e+00 3.0791341698588326e-17
