# x_over_c y_over_c
1.0000000000000002e+00 3.2092384305570931e-17
9.9425501107474878e-01 7.7501370797942917e-03
9.9255023384033558e-01 8.2251656666302558e-03
9.8061097570714484e-01 1.1704060384607078e-02
9.7486651901119181e-01 1.3113192733502475e-02
9.6273552407515794e-01 1.4356962448451468e-02
9.5499192106435515e-01 1.6557095365442507e-02
9.4313435435523674e-01 1.8622436327025559e-02
9.2331749709882072e-01 2.2168110490264660e-02
9.1500962752368253e-01 2.3961668089332741e-02
9.0187799097318522e-01 2.6082292057512033e-02
8.9360755554295568e-01 2.7560595434781707e-02
8.8237836747527054e-01 2.9896903940439347e-02
8.6769600840523031e-01 3.2056422622341756e-02
8.6401230148018082e-01 3.2958303570640148e-02
8.5085517539477873e-01 3.4661361968359269e-02
8.3099084399378387e-01 3.7318969233626674e-02
8.2169198660615816e-01 3.9539249839658029e-02
8.1169717682651565e-01 4.1941124370863780e-02
7.9903920882249380e-01 4.4224603704975066e-02
7.8234463930589626e-01 4.6085583774356086e-02
7.8019852589131922e-01 4.6260205315215110e-02
7.6083918737834322e-01 4.8767493514042866e-02
7.4142885915981571e-01 5.0442692530862830e-02
7.2783770597635178e-01 5.0614003213621458e-02
7.1826642390875728e-01 5.2151610638941852e-02
7.0728561711482663e-01 5.4022622779184667e-02
6.8727291775798838e-01 5.7221603937484010e-02
6.7633895561668700e-01 5.7804003053816055e-02
6.5459428085019811e-01 5.9701650278237171e-02
6.4449537464785245e-01 5.9616741887501344e-02
6.3218742874567524e-01 6.0056580576160971e-02
6.1085583979969471e-01 6.0483230918808480e-02
5.9914077915926200e-01 6.0821802491604113e-02
5.7948502316048822e-01 6.2385904358010467e-02
5.6723550578216309e-01 6.2938682382275832e-02
5.4708739884893065e-01 6.4306948958804719e-02
5.3272747120587438e-01 6.5511021215463289e-02
5.1814351948707460e-01 6.6812114448297585e-02
5.0256947853326273e-01 6.8178617308336298e-02
4.8718407893723181e-01 6.9591357529665290e-02
4.7066858683469992e-01 7.0267389910395300e-02
4.6108819280603247e-01 7.0264698624412578e-02
4.3770805309633776e-01 7.0846463767199122e-02
4.2199229305928426e-01 7.2322408319445086e-02
4.0837706299395921e-01 7.3183090274525880e-02
3.9347814414423488e-01 7.3564767696090466e-02
3.7355404771638601e-01 7.3915329084777964e-02
3.4849780433680499e-01 7.4034364147535600e-02
3.4037949020727976e-01 7.4268926324642590e-02
3.1736730191564005e-01 7.4297400483388787e-02
3.1574268680233764e-01 7.4196002684762147e-02
2.9925966399300807e-01 7.3586422936762957e-02
2.8630422042173043e-01 7.3026160301960880e-02
2.7040049341288253e-01 7.2816015824242478e-02
2.5785342287633745e-01 7.2412399553221415e-02
2.4027357445532693e-01 7.1675354638707917e-02
2.2894831386324485e-01 7.0763289098948412e-02
2.1815839237335549e-01 6.9297980833047432e-02
2.0018658155043495e-01 6.8125656422887537e-02
1.8741515568891018e-01 6.7359338139029348e-02
1.7479739284436144e-01 6.6899338127353977e-02
1.6250750033122938e-01 6.5944170628048526e-02
1.5346045861334406e-01 6.4725741233711276e-02
1.4382854962970029e-01 6.3380793081103337e-02
1.3332761105397023e-01 6.1779573659495338e-02
1.2164560084048892e-01 6.0159394732879089e-02
1.0515765039009359e-01 5.7163563142164031e-02
1.0125833294108100e-01 5.6436386678305417e-02
9.4454690980274286e-02 5.4943763670286923e-02
8.5573063896615731e-02 5.2438974130413360e-02
7.3969096586353644e-02 4.9021148262676895e-02
6.2501851296636046e-02 4.4332970475933382e-02
5.8301421667683123e-02 4.2461571726688768e-02
5.3302976983041483e-02 3.9958533087618188e-02
4.2146671563378216e-02 3.4286522155137868e-02
3.9948755471514913e-02 3.2940388774066479e-02
3.0475808913533915e-02 2.7229637140861403e-02
2.3448930191215925e-02 2.2792213233982988e-02
1.5751739160719303e-02 1.7087758831322571e-02
1.3529077548023674e-02 1.4888711110151356e-02
7.5637090021819856e-03 9.8251950241525759e-03
0.0000000000000000e+00 0.0000000000000000e+00
0.0000000000000000e+00 0.0000000000000000e+00
4.1239034836403031e-03 -1.5670073729048561e-02
1.2777391283541084e-02 -1.4798090464387409e-02
1.7408212649923111e-02 -1.3419354795993750e-02
2.9270588855122834e-02 -1.1716689980008500e-02
2.9559627435591658e-02 -1.1739407703014992e-02
3.9592550629496431e-02 -9.5051883456310857e-03
4.2926581786234923e-02 -8.8093228531870068e-03
5.0192818126614275e-02 -7.5392219297134057e-03
5.5509722563003426e-02 -6.7702478394610233e-03
6.7959544226118274e-02 -5.1463276709219508e-03
7.9259667846576287e-02 -3.4633344488141579e-03
8.9722591938913548e-02 -1.6173541171163898e-03
1.0594269997480439e-01 1.0148479109212667e-03
1.1810095359247479e-01 2.8246380953474790e-03
1.2905505855181307e-01 4.4092925794050877e-03
1.4333478343206091e-01 6.5948508430425656e-03
1.4662505242129162e-01 7.0167254098483208e-03
1.5773898673548545e-01 8.4367895051954862e-03
1.6986670251473263e-01 9.7546600473672179e-03
1.8243183930788956e-01 1.0958705827809945e-02
1.9496738988609322e-01 1.2023372345967497e-02
2.1220674723695360e-01 1.2961219287856761e-02
2.2455031054791938e-01 1.3465539074751428e-02
2.4066830807856451e-01 1.4900824316616934e-02
2.5278299081533179e-01 1.6190783091952394e-02
2.6447280030380771e-01 1.6528649473937122e-02
2.7668507373469114e-01 1.7005747598925480e-02
2.9880027383566260e-01 1.8723835334982914e-02
3.1141431324415686e-01 1.9155043136826398e-02
3.2275055189740282e-01 1.9401431930352403e-02
3.3592241907231968e-01 2.0259427976445765e-02
3.5676372732333966e-01 2.0859716101654192e-02
3.6883828374622607e-01 2.2052618988828532e-02
3.8207236391527249e-01 2.2133383787441993e-02
3.9227908111076593e-01 2.1653879750041342e-02
4.1580474538515411e-01 2.2297147153759356e-02
4.2504648880554180e-01 2.2053871117739390e-02
4.3910173764553467e-01 2.3441808384745182e-02
4.5980192044265966e-01 2.3235542502922413e-02
4.8221096587598128e-01 2.3418508770804661e-02
4.8956632593093086e-01 2.3329984206640533e-02
5.0579401369489463e-01 2.2928180277486533e-02
5.1686216687617970e-01 2.2105489055503656e-02
5.4947195571773844e-01 2.2827610550958791e-02
5.7730899385591006e-01 2.3158164257041106e-02
5.8898381597862315e-01 2.3188625243124015e-02
5.9506156265743049e-01 2.2859819285940674e-02
6.1048511532370131e-01 2.3172438935092906e-02
6.2775415229009790e-01 2.2785695673171503e-02
6.5236604883053173e-01 2.2649482293937512e-02
6.6472653987256791e-01 2.2542048585645322e-02
6.8319707256361417e-01 2.1326686810675486e-02
6.9517239247293350e-01 2.1049170121499400e-02
7.0599350210314582e-01 2.0401767417673657e-02
7.1749499580513876e-01 2.0189288709928355e-02
7.2999829732567234e-01 1.9762727815156065e-02
7.4983474890564850e-01 1.8265276657704201e-02
7.6192801276789013e-01 1.7460481283899647e-02
7.6981176940417939e-01 1.6275736820884398e-02
7.9239491536672368e-01 1.5232379675443986e-02
8.0425383006945528e-01 1.4436091108717471e-02
8.1423484356970066e-01 1.3539659306875526e-02
8.2824102240742714e-01 1.2320180364943414e-02
8.3559417488722998e-01 1.1353543837600268e-02
8.4652585733983865e-01 1.0283253207237395e-02
8.5730255626056273e-01 9.5549229157076091e-03
8.6636306135415020e-01 9.0545016000930442e-03
8.8463641643336755e-01 7.4072296266442742e-03
8.8700803113613558e-01 7.0802097703626474e-03
9.0255879359371916e-01 5.1655759348665110e-03
9.1028271820349071e-01 4.7899275455296278e-03
9.1853584881170436e-01 3.8567497181629436e-03
9.3015130388000611e-01 2.6502225482401727e-03
9.3804399292610074e-01 1.4436588501753394e-03
9.3926497610702153e-01 1.3975488457290948e-03
9.5013174467436445e-01 1.4451418085486547e-04
9.6015185096552735e-01 -1.3877778150263470e-03
9.7009830295878785e-01 -3.3176811662415009e-03
9.8427693967263441e-01 -4.7793220361450825e-03
1.0000000000000002e+00 4.0766001685454967e-17
