# x_over_c y_over_c
1.0000000000000000e+00 -1.9949319973733282e-17
9.9877376305827981e-01 1.1599167577190303e-03
9.9528282264521351e-01 3.0783739126435455e-03
9.9191168534225749e-01 4.1830676710381967e-03
9.8275548422505798e-01 6.3724266297627745e-03
9.7588483829216799e-01 8.2309389008794389e-03
9.6814831710697147e-01 9.9028146856500222e-03
9.5939402484367520e-01 1.1473299545580056e-02
9.4988259305944289e-01 1.2956239209457552e-02
9.4327285248862913e-01 1.4455695105075186e-02
9.3428656517297415e-01 1.6017410637844901e-02
9.2588015563102111e-01 1.7814260505587255e-02
9.1430923741245906e-01 1.9829073939518684e-02
9.0889735501142610e-01 2.0517850082661951e-02
8.9956443610465842e-01 2.2154754445103928e-02
8.9275124611264101e-01 2.3545281881469621e-02
8.7591873609152726e-01 2.6881951509870237e-02
8.6716258396704382e-01 2.8780470386187570e-02
8.5938712057865385e-01 3.0231843844069049e-02
8.4984596582614935e-01 3.1146658482008718e-02
8.3243654276271672e-01 3.3422664879422220e-02
8.2401637929317129e-01 3.5121576062686830e-02
8.0777587195128064e-01 3.7675676031199409e-02
7.9118575126867252e-01 4.0132134843030562e-02
7.7474603905110806e-01 4.2841565401149216e-02
7.5817793640599918e-01 4.5042500158282726e-02
7.4109065899062110e-01 4.6872227885898760e-02
7.2800633601510079e-01 4.8242248109757538e-02
7.1505831317310220e-01 5.0513183804997967e-02
6.9891857554719750e-01 5.1936348396009586e-02
6.8461176221895892e-01 5.3642662144785150e-02
6.7085224180385217e-01 5.4747682347605735e-02
6.5466239634627132e-01 5.6774550402083575e-02
6.4642709575009416e-01 5.7664330363195064e-02
6.2811985418157568e-01 5.8148947242760027e-02
6.1155997274295093e-01 6.0299140077458839e-02
5.9493775304916940e-01 6.2266809311624934e-02
5.8145353656414211e-01 6.2896019430387834e-02
5.6772504073511443e-01 6.3552383367486184e-02
5.5122231505428210e-01 6.4841896454492398e-02
5.4101546016122948e-01 6.5668466334678932e-02
5.2431731915640045e-01 6.6583888569791805e-02
5.0770232898430134e-01 6.8216488298020697e-02
4.9046082052003515e-01 6.9927739059002472e-02
4.7831689897401070e-01 7.1077109008693865e-02
4.5380550514733148e-01 7.0666316173212992e-02
4.4266121291071242e-01 7.1795138389219582e-02
4.2689848787740481e-01 7.2165179558075637e-02
4.1034396685116137e-01 7.4164875882351461e-02
4.0223707085148619e-01 7.4650193574233040e-02
3.8318178408460368e-01 7.4063095866091028e-02
3.6266050902639835e-01 7.3753238702997465e-02
3.4593041227547477e-01 7.4408100527852489e-02
3.3046876885250004e-01 7.4317950536703134e-02
3.0802521488458562e-01 7.4168459773440956e-02
2.9960316324615249e-01 7.4125040015247071e-02
2.7312581484851622e-01 7.3732011123290891e-02
2.6701242497081562e-01 7.3452823177894741e-02
2.5391131690139956e-01 7.3114645923586574e-02
2.4400829305447574e-01 7.3050242857316455e-02
2.1648394137255103e-01 7.1352274797959095e-02
2.0596268121160127e-01 7.0655831894118046e-02
1.8486986200353051e-01 6.7473359625980667e-02
1.7600340342786336e-01 6.6394199441496327e-02
1.6620201700655401e-01 6.5577895947786152e-02
1.5418469032939669e-01 6.3700925729363922e-02
1.3619746737662841e-01 6.1495817091521680e-02
1.2616124930805950e-01 6.1396396356880392e-02
1.2449399338105303e-01 6.0827492233220461e-02
1.1443844800141084e-01 5.9404662623137552e-02
1.0473379381624207e-01 5.6617491411046050e-02
9.4507916390018598e-02 5.3389222864457610e-02
8.4151804698662777e-02 5.1731392194851747e-02
7.3210232084697846e-02 4.9433355885819694e-02
6.3036681194289026e-02 4.5741923145528676e-02
6.0744958825294924e-02 4.4851190285521030e-02
4.7047055667725768e-02 3.9025434762762663e-02
3.8333956177990035e-02 3.4450846854554171e-02
2.9399208378498604e-02 2.7903372422029511e-02
2.4038995710640856e-02 2.3977473066072934e-02
1.6694441545218396e-02 1.7900287925149753e-02
1.5518020552029381e-02 1.7074434045031638e-02
9.9458259757216755e-03 1.3123174288556593e-02
2.7590817351808121e-03 5.5170432019518616e-03
0.0000000000000000e+00 0.0000000000000000e+00
0.0000000000000000e+00 0.0000000000000000e+00
1.1001763318817745e-03 -6.1458056923290386e-03
5.8684835052916166e-03 -1.1290466935982100e-02
1.1153049716861272e-02 -1.2180235601660910e-02
1.5193175209902455e-02 -1.2364038673667869e-02
2.3339929224295512e-02 -1.2424052992218607e-02
3.3834615870764244e-02 -1.1594107268659433e-02
4.4828983534307934e-02 -9.5784709744834249e-03
4.8094893609649317e-02 -8.7235907587687837e-03
5.4891307762148803e-02 -7.3057283639093515e-03
6.5678921297787338e-02 -5.6322996400808749e-03
8.1497608245579514e-02 -2.9121154718294213e-03
9.0801608093299541e-02 -1.3200491635986084e-03
9.6225813718692627e-02 -3.3231793541450253e-04
1.2453551906282287e-01 4.2074478318522533e-03
1.2568305116678022e-01 4.3809107473082474e-03
1.3614570109193830e-01 5.7805533034697874e-03
1.4654743082013888e-01 6.8753421792225808e-03
1.6123496383865221e-01 8.0649256013327793e-03
1.7048648915376444e-01 9.1659369806407053e-03
1.8150876252067849e-01 9.9316654212629075e-03
1.9496072297691111e-01 1.1248579959205121e-02
2.0862439984866665e-01 1.2256380666525414e-02
2.2444841978063060e-01 1.3732736397814011e-02
2.3262220920446777e-01 1.4129919743037692e-02
2.5248592744481280e-01 1.5911578221799876e-02
2.6177483515664984e-01 1.6344840976705296e-02
2.7672646444333998e-01 1.7621889898647696e-02
2.8845044588427443e-01 1.8355489106180588e-02
3.0164740473710167e-01 1.9401523086778984e-02
3.1609837636362736e-01 1.9998977156949333e-02
3.3862932973706256e-01 2.0640181120942337e-02
3.6615668911027455e-01 2.1433397869729278e-02
3.7668361599154881e-01 2.1618881020640357e-02
3.9464397863020589e-01 2.1881968074402753e-02
4.2090321111164614e-01 2.2107856062376412e-02
4.3103877346199354e-01 2.2382417369343554e-02
4.5034388017098503e-01 2.2568209496190979e-02
4.5842729003647553e-01 2.2484098729545449e-02
4.6867581402519431e-01 2.2616827220453495e-02
4.8592932659613775e-01 2.2780861493022799e-02
5.1375026685378011e-01 2.2399040776895109e-02
5.2303403072932775e-01 2.2426651970021087e-02
5.3311288973917625e-01 2.2437344118647670e-02
5.5010441255874942e-01 2.2383670641196361e-02
5.7730521366847565e-01 2.2232290920201018e-02
5.8761510476852219e-01 2.1930649114513364e-02
5.9734760059515635e-01 2.2169261496864465e-02
6.1460841332963567e-01 2.1897436612361244e-02
6.3059191827613104e-01 2.1437189100546580e-02
6.5420567989324008e-01 2.1012303843649417e-02
6.5994369729084257e-01 2.0857109799072977e-02
6.7009739200778939e-01 2.1160456969702656e-02
6.9589208399820157e-01 2.0664515398427591e-02
7.1060327086767916e-01 1.9484223880489333e-02
7.2328872149144019e-01 1.8857163926681072e-02
7.3953395982923353e-01 1.7927059762186601e-02
7.4963198847946466e-01 1.7184618837833551e-02
7.6628036665318056e-01 1.5938658387740508e-02
7.9305874509725038e-01 1.3879325042708271e-02
8.1793581069119137e-01 1.1538185634660615e-02
8.2675072898770696e-01 1.1018774764758483e-02
8.3943934992005642e-01 9.9770850650643846e-03
8.5302053447208059e-01 8.8343915871130080e-03
8.6146306885224866e-01 8.1524620744825096e-03
8.7061944825631077e-01 7.4411258764915111e-03
8.8191764611563561e-01 6.4040967600377937e-03
8.8769802249138208e-01 5.8217621435731476e-03
9.0279199441741753e-01 3.8310133696494836e-03
9.1279952378374107e-01 3.2459421472401653e-03
9.2956774964663602e-01 2.2014186059264021e-03
9.4612515727226187e-01 3.7851637498082522e-04
9.5605711521401249e-01 -4.8209314843026835e-04
9.6268134495722557e-01 -1.4115255804118031e-03
9.7264599107721916e-01 -2.2594754865866177e-03
9.7956046461302682e-01 -3.5394462088774101e-03
9.8816615391042739e-01 -4.2099559877993523e-03
9.9134990571966042e-01 -3.9521758243677863e-03
9.9815720701244537e-01 -8.5984584342240194e-04
1.0000000000000000e+00 -1.9949319973733282e-17
