# x_over_c y_over_c
1.0000000000000000e+00 0.0000000000000000e+00
9.9993831624083029e-01 1.5998935086349882e-05
9.9975328018286580e-01 6.4018283947022114e-05
9.9944493748098495e-01 1.4412551119726629e-04
9.9901336421413578e-01 2.5643249502314559e-04
9.9845866686656404e-01 4.0109465227111923e-04
9.9778098230154000e-01 5.7830965371780856e-04
9.9698047772758991e-01 7.8831567299593485e-04
9.9605735065723888e-01 1.0313891011407375e-03
9.9501182885827877e-01 1.3078416504786611e-03
9.9384417029756889e-01 1.6180167671147098e-03
9.9255466307738693e-01 1.9622852709592657e-03
9.9114362536434442e-01 2.3410401463186395e-03
9.8961140531088287e-01 2.7546904146475868e-03
9.8795838096937372e-01 3.2036540340695972e-03
9.8618496019883828e-01 3.6883497875080141e-03
9.8429158056431554e-01 4.2091881423717134e-03
9.8227870922889904e-01 4.7665610892142409e-03
9.8014684283847142e-01 5.3608309940007277e-03
9.7789650739916500e-01 5.9923185278405403e-03
9.7552825814757682e-01 6.6612897684449300e-03
9.7304267941377265e-01 7.3679425982495043e-03
9.7044038447711278e-01 8.1123925541648281e-03
9.6772201541493363e-01 8.8946583123264058e-03
9.6488824294412567e-01 9.7146470170627434e-03
9.6193976625564337e-01 1.0572139685687761e-02
9.5887731284199051e-01 1.1466776938807353e-02
9.5570163831772259e-01 1.2398045318871148e-02
9.5241352623300968e-01 1.3365264467067900e-02
9.4901378788030777e-01 1.4367575429865390e-02
9.4550326209418389e-01 1.5403930361199551e-02
9.4188281504434679e-01 1.6473083874349089e-02
9.3815334002193174e-01 1.7573586278903444e-02
9.3431575721909554e-01 1.8703778913125663e-02
9.3037101350197182e-01 1.9861791750801716e-02
9.2632008217704609e-01 2.1045543424886941e-02
9.2216396275100754e-01 2.2252743768620898e-02
9.1790368068413519e-01 2.3480898929132531e-02
9.1354028713728086e-01 2.4727319059879113e-02
9.0907485871251170e-01 2.5989128547644513e-02
9.0450849718747373e-01 2.7263278678430213e-02
8.9984232924354524e-01 2.8546562595619728e-02
8.9507750618784521e-01 2.9835632354524504e-02
8.9021520366916485e-01 3.1127017831046846e-02
8.8525662138789452e-01 3.2417147199902199e-02
8.8020298280001552e-01 3.3702368660737690e-02
8.7505553481522980e-01 3.4978973059559854e-02
8.6981554748930479e-01 3.6243217029012148e-02
8.6448431371070567e-01 3.7491346254933701e-02
8.5906314888159430e-01 3.8719618468812590e-02
8.5355339059327373e-01 3.9924325766565329e-02
8.4795639829615710e-01 4.1101815863659082e-02
8.4227355296434436e-01 4.2248511914869405e-02
8.3650625675488655e-01 4.3360930553645018e-02
8.3065593266182591e-01 4.4435697840631158e-02
8.2472402416509172e-01 4.5469562852694392e-02
8.1871199487434487e-01 4.6459408691906699e-02
8.1262132816785260e-01 4.7402260747350315e-02
8.0645352682648808e-01 4.8295292100105205e-02
8.0021011266294195e-01 4.9135826022090212e-02
7.9389262614623646e-01 4.9942295444901710e-02
7.8750262602163934e-01 5.0737361858376698e-02
7.8104168892606540e-01 5.1520570006602331e-02
7.7451140899906579e-01 5.2291532624765817e-02
7.6791339748949827e-01 5.3049952988590950e-02
7.6124928235797440e-01 5.3795621695410620e-02
7.5452070787518566e-01 5.4528412486187859e-02
7.4772933421620380e-01 5.5248277171007894e-02
7.4087683705085750e-01 5.5955239732904456e-02
7.3396490713028661e-01 5.6649389696259801e-02
7.2699524986977337e-01 5.7330874856244579e-02
7.1996958492795760e-01 5.7999893474673408e-02
7.1288964578253633e-01 5.8656686055093311e-02
7.0575717930255433e-01 5.9301526815762791e-02
6.9857394531739025e-01 5.9934714983308650e-02
6.9134171618254481e-01 6.0556566032180903e-02
6.8406227634233896e-01 6.1167402995503287e-02
6.7673742188962849e-01 6.1767547971505105e-02
6.6936896012264568e-01 6.2357313946418240e-02
6.6195870909907462e-01 6.2936997049555618e-02
6.5450849718747373e-01 6.3506869349310158e-02
6.4702016261615203e-01 6.4067172290113578e-02
6.3949555301961458e-01 6.4618110860083344e-02
6.3193652498268649e-01 6.5159848567306111e-02
6.2434494358242731e-01 6.5692503289625698e-02
6.1672268192795265e-01 6.6216144048608677e-02
6.0907162069827125e-01 6.6730788743268543e-02
6.0139364767825620e-01 6.7236402863363021e-02
5.9369065729286230e-01 6.7732899185886972e-02
5.8596455013970472e-01 6.8220138442017797e-02
5.7821723252011537e-01 6.8697930925492992e-02
5.7045061596879132e-01 6.9166038997475976e-02
5.6266661678215213e-01 6.9624180427660554e-02
5.5486715554552257e-01 7.0072032496930670e-02
5.4705415665925705e-01 7.0509236773584533e-02
5.3922954786392241e-01 7.0935404463177754e-02
5.3139525976465674e-01 7.1350122221660206e-02
5.2355322535482129e-01 7.1752958312867252e-02
5.1570537953906415e-01 7.2143468984744899e-02
5.0785365865591026e-01 7.2521204934084635e-02
4.9999999999999994e-01 7.2885717727118410e-02
4.9214634134408969e-01 7.3236566043159854e-02
4.8429462046093580e-01 7.3573321610603384e-02
4.7644677464517865e-01 7.3895574709022388e-02
4.6860474023534326e-01 7.4202939117789510e-02
4.6077045213607748e-01 7.4495056400518386e-02
4.5294584334074284e-01 7.4771599425573626e-02
4.4513284445447732e-01 7.5032275035774823e-02
4.3733338321784787e-01 7.5276825795043592e-02
4.2954938403120857e-01 7.5505030755903535e-02
4.2178276747988452e-01 7.5716705209189133e-02
4.1403544986029522e-01 7.5911699395794521e-02
4.0630934270713764e-01 7.6089896179493591e-02
3.9860635232174374e-01 7.6251207699493562e-02
3.9092837930172863e-01 7.6395571041113636e-02
3.8327731807204724e-01 7.6522942982489267e-02
3.7565505641757263e-01 7.6633293894154450e-02
3.6806347501731351e-01 7.6726600886422955e-02
3.6050444698038536e-01 7.6802840316354148e-02
3.5297983738384797e-01 7.6861979781447057e-02
3.4549150281252627e-01 7.6903969740761774e-02
3.3804129090092527e-01 7.6928734915664362e-02
3.3063103987735426e-01 7.6936165631592460e-02
3.2326257811037140e-01 7.6926109268934159e-02
3.1593772365766093e-01 7.6898361995148712e-02
3.0865828381745508e-01 7.6852660951493054e-02
3.0142605468260975e-01 7.6788677066084332e-02
2.9424282069744556e-01 7.6706008660473238e-02
2.8711035421746367e-01 7.6604176009443720e-02
2.8003041507204240e-01 7.6482617003438683e-02
2.7300475013022657e-01 7.6340684049946497e-02
2.6603509286971333e-01 7.6177642334509049e-02
2.5912316294914228e-01 7.5992669543928776e-02
2.5227066578379620e-01 7.5784857133990011e-02
2.4547929212481429e-01 7.5553213201838554e-02
2.3875071764202555e-01 7.5296666999404196e-02
2.3208660251050173e-01 7.5014075099229027e-02
2.2548859100093410e-01 7.4704229198160749e-02
2.1895831107393471e-01 7.4365865517964425e-02
2.1249737397836072e-01 7.3997675735404528e-02
2.0610737385376343e-01 7.3598319348167560e-02
1.9978988733705794e-01 7.3166437357544994e-02
1.9354647317351170e-01 7.2700667124491539e-02
1.8737867183214740e-01 7.2199658232918754e-02
1.8128800512565513e-01 7.1662089173261098e-02
1.7527597583490817e-01 7.1086684640825321e-02
1.6934406733817403e-01 7.0472233227538386e-02
1.6349374324511329e-01 6.9817605272744207e-02
1.5772644703565564e-01 6.9121770628921289e-02
1.5204360170384285e-01 6.8383816091824048e-02
1.4644660940672621e-01 6.7602962241748943e-02
1.4093685111840554e-01 6.6778579443513175e-02
1.3551568628929422e-01 6.5910202757368808e-02
1.3018445251069516e-01 6.4997545521462766e-02
1.2494446518477026e-01 6.4040511378537293e-02
1.1979701719998453e-01 6.3039204535248083e-02
1.1474337861210537e-01 6.1993938061580656e-02
1.0978479633083510e-01 6.0905240060157788e-02
1.0492249381215479e-01 5.9773857560480786e-02
1.0015767075645471e-01 5.8600758021012042e-02
9.5491502812526274e-02 5.7387128352126400e-02
9.0925141287488298e-02 5.6134371404928385e-02
8.6459712862719085e-02 5.4844099904317330e-02
8.2096319315864863e-02 5.3518127839021830e-02
7.7836037248992462e-02 5.2158459356126508e-02
7.3679917822953855e-02 5.0767275242393856e-02
6.9628986498028178e-02 4.9346917108921480e-02
6.5684242780904345e-02 4.7899869428884863e-02
6.1846659978068208e-02 4.6428739609790472e-02
5.8117184955653267e-02 4.4936236311333248e-02
5.4496737905816051e-02 4.3425146247162233e-02
5.0986212119692176e-02 4.1898309733182752e-02
4.7586473766990212e-02 4.0358595266077643e-02
4.4298361682277354e-02 3.8808873433176690e-02
4.1122687158009430e-02 3.7251990468339304e-02
3.8060233744356631e-02 3.5690741777911691e-02
3.5111757055874271e-02 3.4127845765888197e-02
3.2277984585066366e-02 3.2565918288027927e-02
2.9559615522887273e-02 3.1007448060795782e-02
2.6957320586227351e-02 2.9454773342621199e-02
2.4471741852423234e-02 2.7910060192163851e-02
2.2103492600834940e-02 2.6375282591190125e-02
1.9853157161528467e-02 2.4852204698491077e-02
1.7721290771100962e-02 2.3342365476272258e-02
1.5708419435684462e-02 2.1847065901942811e-02
1.3815039801161721e-02 2.0367358946586946e-02
1.2041619030626283e-02 1.8904042467040950e-02
1.0388594689117125e-02 1.7457655121880005e-02
8.8563746356556394e-03 1.6028475383235419e-02
7.4453369226130661e-03 1.4616523676742897e-02
6.1558297024311148e-03 1.3221567641601008e-02
4.9881711417212315e-03 1.1843130462265873e-02
3.9426493427610620e-03 1.0480502183268353e-02
3.0195222724101467e-03 9.1327538795907184e-03
2.2190176984600019e-03 7.7987545175057819e-03
1.5413331334360181e-03 6.4771903053103515e-03
9.8663578586422052e-04 5.1665863004579900e-03
5.5506251901499271e-04 3.8653300096885236e-03
2.4671981713419999e-04 2.5716966922820139e-03
6.1683759169706143e-05 1.2838760539058925e-03
0.0000000000000000e+00 0.0000000000000000e+00
6.1683759169706143e-05 -7.3729099339092728e-04
2.4671981713419999e-04 -1.4718652955530553e-03
5.5506251901499271e-04 -2.1989947556303692e-03
9.8663578586422052e-04 -2.9140227401148553e-03
1.5413331334360181e-03 -3.6123991905511461e-03
2.2190176984600019e-03 -4.2897145507840738e-03
3.0195222724101467e-03 -4.9417322097885571e-03
3.9426493427610620e-03 -5.5644191253187468e-03
4.9881711417212315e-03 -6.1539743170789390e-03
6.1558297024311148e-03 -6.7068549455120315e-03
7.4453369226130661e-03 -7.2197997232242225e-03
8.8563746356556394e-03 -7.6898494400670968e-03
1.0388594689117125e-02 -8.1143644194937616e-03
1.2041619030626283e-02 -8.4910387624611700e-03
1.3815039801161721e-02 -8.8179112753192009e-03
1.5708419435684462e-02 -9.0933730192295590e-03
1.7721290771100962e-02 -9.3161714601165367e-03
1.9853157161528467e-02 -9.4854112393796246e-03
2.2103492600834940e-02 -9.6005516260221930e-03
2.4471741852423234e-02 -9.6614007499102577e-03
2.6957320586227351e-02 -9.6681067530375378e-03
2.9559615522887273e-02 -9.6211460304378056e-03
3.2277984585066366e-02 -9.5213087642909144e-03
3.5111757055874271e-02 -9.3696819834050253e-03
3.8060233744356631e-02 -9.1676304052623440e-03
4.1122687158009430e-02 -8.9167753388901694e-03
4.4298361682277354e-02 -8.6189719437235052e-03
4.7586473766990212e-02 -8.2762851521872363e-03
5.0986212119692176e-02 -7.8909645718395101e-03
5.4496737905816051e-02 -7.4654186865463238e-03
5.8117184955653267e-02 -7.0021886753311594e-03
6.1846659978068208e-02 -6.5039221623619387e-03
6.5684242780904345e-02 -5.9733472021625041e-03
6.9628986498028178e-02 -5.4132467907912684e-03
7.3679917822953855e-02 -4.8264341766982863e-03
7.7836037248992462e-02 -4.2157292245839223e-03
8.2096319315864863e-02 -3.5839360622193107e-03
8.6459712862719085e-02 -2.9338222142661820e-03
9.0925141287488298e-02 -2.2680993991035080e-03
9.5491502812526274e-02 -1.5894061350034171e-03
1.0015767075645471e-01 -9.0029227119081678e-04
1.0492249381215479e-01 -2.0320552786878463e-04
1.0978479633083510e-01 4.9951990230613142e-04
1.1474337861210537e-01 1.2056726700661049e-03
1.1979701719998453e-01 1.9131715118893551e-03
1.2494446518477026e-01 2.6200704572270713e-03
1.3018445251069516e-01 3.3245620664153494e-03
1.3551568628929422e-01 4.0249787904680081e-03
1.4093685111840554e-01 4.7197925669026607e-03
1.4644660940672621e-01 5.4076127859901905e-03
1.5204360170384285e-01 6.0871827790915309e-03
1.5772644703565564e-01 6.7573749948668903e-03
1.6349374324511329e-01 7.4171850399777717e-03
1.6934406733817403e-01 8.0657247683764473e-03
1.7527597583490817e-01 8.7022146073743624e-03
1.8128800512565513e-01 9.3259753094410702e-03
1.8737867183214740e-01 9.9364193162047917e-03
1.9354647317351170e-01 1.0533041915553541e-02
1.9978988733705794e-01 1.1115412364272307e-02
2.0610737385376343e-01 1.1683165137538604e-02
2.1249737397836072e-01 1.2235991453122175e-02
2.1895831107393471e-01 1.2773631202611749e-02
2.2548859100093410e-01 1.3295865404769770e-02
2.3208660251050173e-01 1.3802509277563312e-02
2.3875071764202555e-01 1.4293406005919412e-02
2.4547929212481429e-01 1.4768421262196536e-02
2.5227066578379620e-01 1.5227438516141893e-02
2.5912316294914228e-01 1.5670355151104574e-02
2.6603509286971333e-01 1.6097079383866300e-02
2.7300475013022657e-01 1.6507527966990128e-02
2.8003041507204240e-01 1.6901624635400271e-02
2.8711035421746367e-01 1.7279299243287319e-02
2.9424282069744556e-01 1.7640487523647320e-02
3.0142605468260975e-01 1.7985131391026844e-02
3.0865828381745508e-01 1.8313179698539649e-02
3.1593772365766093e-01 1.8624589353074771e-02
3.2326257811037140e-01 1.8919326687913122e-02
3.3063103987735426e-01 1.9197368989747984e-02
3.3804129090092527e-01 1.9458706077349099e-02
3.4549150281252627e-01 1.9703341831761208e-02
3.5297983738384797e-01 1.9931295582879600e-02
3.6050444698038536e-01 2.0142603264349225e-02
3.6806347501731351e-01 2.0337318257800149e-02
3.7565505641757263e-01 2.0515511858238512e-02
3.8327731807204724e-01 2.0677273304701149e-02
3.9092837930172863e-01 2.0822709333774933e-02
3.9860635232174374e-01 2.0951943227976038e-02
4.0630934270713764e-01 2.1065113345963966e-02
4.1403544986029522e-01 2.1162371136808304e-02
4.2178276747988452e-01 2.1243878655705185e-02
4.2954938403120857e-01 2.1309805613334381e-02
4.3733338321784787e-01 2.1360326005145647e-02
4.4513284445447732e-01 2.1395614379969521e-02
4.5294584334074284e-01 2.1415841819187389e-02
4.6077045213607748e-01 2.1421171708023677e-02
4.6860474023534326e-01 2.1411755389120792e-02
4.7644677464517865e-01 2.1387727795245288e-02
4.8429462046093580e-01 2.1349203162606821e-02
4.9214634134408969e-01 2.1296270928748806e-02
4.9999999999999994e-01 2.1228991919229008e-02
5.0785365865591026e-01 2.1147394925334913e-02
5.1570537953906415e-01 2.1051473770896070e-02
5.2355322535482129e-01 2.0941184959937006e-02
5.3139525976465674e-01 2.0816445988563942e-02
5.3922954786392241e-01 2.0677134394253529e-02
5.4705415665925705e-01 2.0523087603790541e-02
5.5486715554552257e-01 2.0354103627707093e-02
5.6266661678215213e-01 2.0169942634452348e-02
5.7045061596879132e-01 1.9970329421940464e-02
5.7821723252011537e-01 1.9754956787873666e-02
5.8596455013970472e-01 1.9523489783620260e-02
5.9369065729286230e-01 1.9275570819752633e-02
6.0139364767825620e-01 1.9010825574930484e-02
6.0907162069827125e-01 1.8728869643957934e-02
6.1672268192795265e-01 1.8429315845846464e-02
6.2434494358242731e-01 1.8111782098864777e-02
6.3193652498268649e-01 1.7775899757112683e-02
6.3949555301961458e-01 1.7421322292358609e-02
6.4702016261615203e-01 1.7047734195937740e-02
6.5450849718747373e-01 1.6654859968597332e-02
6.6195870909907462e-01 1.6242473061434348e-02
6.6936896012264568e-01 1.5810404628603756e-02
6.7673742188962849e-01 1.5358551952339665e-02
6.8406227634233896e-01 1.4886886403048208e-02
6.9134171618254481e-01 1.4395460801776987e-02
6.9857394531739025e-01 1.3884416059175951e-02
7.0575717930255433e-01 1.3353986974036598e-02
7.1288964578253633e-01 1.2804507085485504e-02
7.1996958492795760e-01 1.2236412485738625e-02
7.2699524986977337e-01 1.1650244514782072e-02
7.3396490713028661e-01 1.1046651274195967e-02
7.4087683705085750e-01 1.0426387914315804e-02
7.4772933421620380e-01 9.7903156667485843e-03
7.5452070787518566e-01 9.1393996126318475e-03
7.6124928235797440e-01 8.4747051956347384e-03
7.6791339748949827e-01 7.7973935072440884e-03
7.7451140899906579e-01 7.1087153900438165e-03
7.8104168892606540e-01 6.4100044221837224e-03
7.8750262602163934e-01 5.7026688627556561e-03
7.9389262614623646e-01 4.9881826530774800e-03
8.0021011266294195e-01 4.2681003425899706e-03
8.0645352682648808e-01 3.5672324435837774e-03
8.1262132816785260e-01 2.9062890959136514e-03
8.1871199487434487e-01 2.2849864168530062e-03
8.2472402416509172e-01 1.7029920556896928e-03
8.3065593266182591e-01 1.1599125822860899e-03
8.3650625675488655e-01 6.5528277011366737e-04
8.4227355296434436e-01 1.8855692073977207e-04
8.4795639829615710e-01 -2.4089767468444406e-04
8.5355339059327373e-01 -6.3380509315489469e-04
8.5906314888159430e-01 -9.9098296381891493e-04
8.6448431371070567e-01 -1.3133425340014701e-03
8.6981554748930479e-01 -1.6018867184281436e-03
8.7505553481522980e-01 -1.8577062739735944e-03
8.8020298280001552e-01 -2.0819742782728634e-03
8.8525662138789452e-01 -2.2759391206846231e-03
8.9021520366916485e-01 -2.4409162378472189e-03
8.9507750618784521e-01 -2.5782788430589142e-03
8.9984232924354524e-01 -2.6894479087684678e-03
9.0450849718747373e-01 -2.7758816645905467e-03
9.0907485871251170e-01 -2.8390648696531781e-03
9.1354028713728086e-01 -2.8804981081031831e-03
9.1790368068413519e-01 -2.9016873407569470e-03
9.2216396275100754e-01 -2.9041339248443883e-03
9.2632008217704609e-01 -2.8893252883263922e-03
9.3037101350197182e-01 -2.8587264162358520e-03
9.3431575721909554e-01 -2.8137722748325013e-03
9.3815334002193174e-01 -2.7558612660447228e-03
9.4188281504434679e-01 -2.6863497706808492e-03
9.4550326209418389e-01 -2.6065478051976610e-03
9.4901378788030777e-01 -2.5177157843407549e-03
9.5241352623300968e-01 -2.4210623515805727e-03
9.5570163831772259e-01 -2.3177432117300585e-03
9.5887731284199051e-01 -2.2088608761077063e-03
9.6193976625564337e-01 -2.0954652106423199e-03
9.6488824294412567e-01 -1.9785546618053393e-03
9.6772201541493363e-01 -1.8590780244620436e-03
9.7044038447711278e-01 -1.7379366097656493e-03
9.7304267941377265e-01 -1.6159866700424259e-03
9.7552825814757682e-01 -1.4940419410541337e-03
9.7789650739916500e-01 -1.3728761697661541e-03
9.8014684283847142e-01 -1.2532255073641235e-03
9.8227870922889904e-01 -1.1357906622144719e-03
9.8429158056431554e-01 -1.0212387251327627e-03
9.8618496019883828e-01 -9.1020459902287423e-04
9.8795838096937372e-01 -8.0329198595078307e-04
9.8961140531088287e-01 -7.0107390627047119e-04
9.9114362536434442e-01 -6.0409274578277568e-04
9.9255466307738693e-01 -5.1285984736334275e-04
9.9384417029756889e-01 -4.2785468237442397e-04
9.9501182885827877e-01 -3.4952365387852524e-04
9.9605735065723888e-01 -2.7827859768459135e-04
9.9698047772758991e-01 -2.1449505816915242e-04
9.9778098230154000e-01 -1.5851042332406439e-04
9.9845866686656404e-01 -1.1062200741023237e-04
9.9901336421413578e-01 -7.1085169888439337e-05
9.9944493748098495e-01 -4.0111556021824051e-05
9.9975328018286580e-01 -1.7867537892291963e-05
9.9993831624083029e-01 -4.4729248471398087e-06
1.0000000000000000e+00 0.0000000000000000e+00
